728 2846 3419 4728 2213 8271 7152 5184 837 4604 2066 1409 705 8618 5442 5141 2062 8972 9511 9749 
5454 3351 3906 2511 9849 9462 8690 1146 7982 6926 9157 902 2613 277 9025 1239 8855 6703 5970 3300 
1151 9833 5236 9802 1587 8282 2324 6775 3822 6230 3250 84 6576 7717 2329 1730 3081 3428 5506 2424 
7665 586 8390 8011 6523 8749 2291 7952 1499 2389 4465 1278 2870 6178 6933 1464 2281 5818 5350 697 
6109 3750 6398 2240 9321 9341 2595 4575 6905 1649 1910 6190 4445 4361 3675 1781 1093 5022 1131 6554 
1579 298 6550 39 353 8125 9117 1472 2973 7170 6576 4 6131 7474 7619 8418 8050 568 7558 3438 
1265 4181 8692 7188 7819 724 2396 395 5496 5920 7727 9758 3615 5684 5721 8983 4664 5764 2484 1469 
2471 3035 7641 2432 3334 3412 4312 1842 4050 8493 2426 888 9417 8376 917 1185 6978 5827 448 1142 
526 3867 4696 1299 2893 7485 8898 1077 1252 4782 929 1349 4814 555 8075 3124 8784 3171 5383 6759 
5537 1123 297 4133 698 2722 7921 9438 2506 7807 8225 1486 1982 9655 7230 402 6095 8316 2585 5002 
6108 5394 926 9264 2666 3324 6988 1865 3016 5654 8470 2905 424 6756 3850 2252 7755 235 6704 9762 
4684 5710 1861 6298 3440 1373 5417 8386 4060 2776 8405 8542 232 1722 3841 4391 6691 4148 1381 310 
3719 903 2718 9346 8014 6295 884 7269 1012 2300 4074 5462 6255 6106 6453 2322 2861 9939 1920 3756 
93 219 3103 6888 6241 7949 6387 2466 3410 7821 8910 8596 820 6253 471 631 75 3699 2624 314 
1438 8667 5574 6401 8587 9241 3913 6480 3212 4642 2604 4344 4425 8140 1311 8176 1758 5555 172 4712 
7342 45 1278 4890 4791 176 1113 2339 2536 1074 8806 5457 1616 3617 2717 700 5513 4581 4040 4793 
5237 7603 4838 1773 1448 6019 7245 4111 487 7156 6611 3378 8863 4046 847 1377 488 2904 5531 1068 
1019 8043 893 8642 3603 2567 5751 271 560 8037 1756 9000 1297 8236 1955 388 2483 5320 241 2109 
9444 5432 322 4503 3581 3959 2327 1041 9472 1341 2279 9978 8079 2374 1631 7686 3837 2691 9196 9745 
3112 272 1563 9938 1527 4327 4334 8324 1312 1187 290 4225 654 5895 2959 2384 4033 8671 1087 9809 
7686 4151 5251 4950 7657 6587 9954 3348 1000 607 6308 314 6090 2864 8622 3090 6607 9259 5550 7510 
346 3516 4201 4388 4988 2425 6611 5108 6915 7984 6543 3786 6083 1134 3240 8424 1699 2418 8847 1029 
5387 4690 6310 9731 2733 9372 3213 6878 530 3711 682 897 7222 347 9438 3933 3863 6198 3174 1788 
8617 9217 4303 5411 1694 2154 4846 1095 8004 5284 1950 769 9535 1684 2699 8468 9817 2572 2431 1598 
599 9501 3547 6926 3742 8 5817 1605 2005 3991 4975 7024 6925 7834 4023 69 9327 2676 7404 4683 
2372 5351 8023 7247 2059 5628 7707 8021 4438 1688 9566 9419 7430 2972 2233 596 8633 8972 5506 788 
4688 8178 8616 1975 4854 6819 8782 7783 2638 994 1452 4702 6460 6468 8178 2552 423 4468 9534 3676 
7229 5160 1952 2685 2184 1604 796 5164 4783 8461 8560 2273 496 8432 2199 8826 9581 2836 1245 450 
3060 2702 1796 2149 7155 1699 5878 3411 4332 3443 7884 4516 4677 644 7582 3915 3795 173 2028 4910 
313 6148 157 4261 5787 8330 7029 5248 2440 1765 9196 2910 5336 62 4749 7355 8274 3325 8012 6729 
2336 7857 6732 2339 2967 5012 6800 4734 50 1823 224 5137 1966 8922 7823 4055 5771 3206 1450 5474 
4465 1471 8307 1874 4754 4332 2591 598 5023 2840 5516 8514 766 1382 6024 1042 745 8817 5070 6941 
2042 2530 8418 4942 6182 117 4207 1903 6200 9534 9774 1991 3616 728 6602 5926 9915 670 9106 1486 
7844 958 2750 7717 2027 3290 1670 4472 5285 7361 5743 1441 3109 8334 1144 8908 1866 5055 9844 9927 
600 3849 7816 8312 316 3065 4456 9363 9962 4302 6813 652 5800 9302 3658 2394 6305 150 3855 3037 
6323 9629 1757 4850 970 875 1675 8180 2081 2735 4856 7653 1349 1054 4594 1741 845 8459 2902 2817 
2887 515 2505 1448 3188 7015 7303 3546 9863 4128 4266 8171 3290 3822 1166 2887 5585 4625 2018 9389 
8515 6908 17 2017 3063 583 1698 7837 6715 3332 2556 9864 8922 2964 638 9321 5695 9691 7871 4045 
2277 2993 561 9560 7010 122 2683 1448 8531 9657 5687 5728 3625 2240 152 4596 7508 3003 5617 416 
3599 8862 9154 5950 9916 5371 1012 2440 8705 9369 7432 1402 8132 7345 1898 684 8003 5163 4604 5535 
855 6105 2160 5877 1258 8146 1813 1606 3158 1714 2647 9855 9632 4367 6320 1166 2725 9823 3859 2764 
1763 4537 7643 538 859 7849 639 6048 3717 9256 7576 5857 758 9707 5190 5075 9422 7722 7296 6670 
100 7412 5051 4786 4342 9457 7261 1310 283 2936 8147 3278 9644 8435 8047 6549 4434 767 1718 8411 
1297 232 5673 9465 8678 1797 4497 4051 5821 6048 7857 820 8967 1929 6599 2096 4185 4651 8611 2982 
3304 2462 7115 7990 5748 7983 542 3634 6146 733 503 1558 9279 6837 7013 9116 5601 8241 4073 7324 
5088 7420 1567 6962 8165 1625 9793 8002 5314 6916 1048 1264 4115 8985 2740 9163 3171 9317 7678 6169 
1058 4138 3868 5833 8661 7030 3141 1141 4126 1573 1109 439 4318 9814 7155 5405 7721 9532 3106 8672 
808 742 5909 337 7284 3154 2966 5621 4706 5021 6056 3171 314 4045 7419 4299 4605 3523 5185 3114 
1862 6091 9839 9963 6464 3190 2933 6640 7128 7674 2050 9601 3444 8760 9650 1795 3460 1215 9 4445 
4536 2431 8468 8296 8371 816 8270 6581 1966 9940 9392 3411 2496 7226 7693 3489 2476 3956 2333 257 
268 1980 8104 4541 7389 1122 1078 7406 6602 9481 2052 8203 2078 9795 4522 5375 7460 2106 2267 558 
2529 1889 2668 6121 4724 7706 6376 6864 7469 505 9443 6024 6028 5672 8718 5501 6507 8892 4123 8042 
1215 5400 1553 1558 906 113 1714 7345 5893 2243 6763 7903 5005 4194 5963 9972 1627 8627 3560 9729 
7944 4907 2398 1118 6608 343 8378 8281 4358 5118 7831 7518 2345 949 4166 6359 3222 66 2659 85 
9758 4547 5077 8544 9498 8127 3654 5563 2988 3916 1189 9980 2871 1219 2760 4587 7521 4882 4773 9704 
1431 4833 9139 5986 3890 9238 2588 9317 4762 1084 2326 1348 3992 1778 4803 664 4112 4176 2469 903 
8511 7567 4406 2072 913 2714 4439 2886 4822 6543 9863 7619 6837 1211 1799 2079 4754 677 5483 9865 
1580 2745 803 6293 1306 2920 9499 4543 2808 2045 1488 4175 1836 1940 2628 5950 2126 3574 6468 9880 
647 5416 1576 898 457 485 2986 7997 7151 1273 7483 8459 502 9375 3298 4721 2189 3629 4230 7647 
7545 5119 4910 5436 6524 6689 9543 2581 6263 8273 231 1304 4909 4420 2111 6667 793 1495 9462 1651 
9379 2633 259 9346 9744 7288 2907 3840 1512 9625 5564 3997 1675 4300 7593 9382 2838 9839 6503 9494 
3 9426 4999 5839 831 9306 6870 3081 3279 3370 3105 58 7509 9199 1452 5031 1680 6475 5077 5497 
6387 3924 3269 4180 2711 1406 1207 884 2658 2246 1900 6936 2490 1632 2397 1268 4949 5892 8291 7618 
5811 8916 916 3177 3694 2706 207 4577 1152 3375 4841 8949 7238 3447 1384 1497 628 7467 8081 6686 
5641 7599 8397 1716 5956 1477 9170 5552 7111 3897 2015 4943 7675 7391 5015 7305 629 6026 8865 9769 
4391 9182 655 859 7802 6872 8223 3047 9562 5501 127 3710 290 9648 9092 1666 6170 9224 7180 1291 
4942 4801 721 1815 7857 2801 2641 1681 1554 2095 6813 6182 5630 8767 559 6996 7894 6784 2528 6948 
6114 7738 4376 3513 4582 514 8583 105 7523 7121 643 2956 2145 8452 7523 483 5037 2836 6156 2954 
3022 2216 9402 5953 2188 6218 4945 6071 5106 3064 7316 2344 8275 7324 8518 9530 3643 5150 8511 2450 
1336 1096 4433 732 2969 298 2571 9754 9285 4399 270 6876 7663 9456 6255 6705 9385 2071 7629 8669 
343 1191 7107 2172 965 2154 9823 2598 4843 8570 948 8532 8624 9061 3004 1138 7741 8619 1987 8389 
5907 3610 2048 2142 352 780 197 7087 6701 4382 9242 5550 2284 2244 2388 4856 1569 6572 7916 6504 
8862 4160 5005 5816 4563 5376 5934 8103 9029 8991 3393 7243 8830 3037 4746 6553 342 5989 8324 6771 
5009 6583 8305 2113 3993 1833 2385 2611 8862 6905 5845 4134 2458 2599 2995 1717 6793 9153 7917 8498 
3785 8126 3150 2661 1679 7231 132 852 9131 4947 6468 6452 3180 9626 5690 2863 5239 9469 6128 8678 
1316 395 3473 3016 169 2935 1503 212 4347 7648 1538 8300 3970 2801 6353 4779 3309 4426 1702 4888 
7062 7582 9197 3387 8711 912 157 8015 173 1959 7546 7320 7099 1801 5786 855 2610 4279 5847 764 
8720 5637 6196 892 2087 2622 2372 9220 5664 4837 1463 8684 5023 7727 9814 4783 8793 4287 2817 6890 
723 4481 375 3826 8540 6795 8422 9995 942 4113 83 2167 5569 1577 7485 9835 2256 2798 3773 936 
1456 7897 4848 9673 1679 972 3128 9945 7546 5584 9904 8983 9361 2274 7087 1740 4894 3034 6606 7419 
9636 9980 7005 5930 4708 370 5043 5025 8070 8602 165 7601 9254 9484 2409 7159 1773 4047 2683 896 
8786 4316 2768 8431 1872 642 3353 1165 5114 4620 682 288 940 9488 3676 7359 1187 1674 9167 2069 
7504 904 1588 3445 2857 1927 9818 621 6129 6510 6295 6221 490 1977 7882 4009 7351 6025 1886 7693 
2310 7642 6114 4865 3182 1381 359 5550 8678 8823 2505 5680 774 8946 2354 956 226 9538 2331 8643 
580 5219 2212 2759 329 9281 6838 1902 5439 2159 4135 709 6524 1868 3485 359 8003 1700 4359 5086 
3315 4371 2825 3513 4177 3727 3814 879 9015 5846 323 2754 4269 932 8489 5608 7367 618 3579 5702 
9086 1149 7513 7853 260 1819 1269 5082 4818 9315 3412 7112 8164 2852 3014 2329 88 150 2217 6053 
5506 8057 7595 6354 2420 6171 3616 6421 5900 2366 7171 8104 4559 2393 8175 556 7412 2925 4752 7521 
1892 4235 5061 1028 449 2484 1082 9063 5891 417 9156 3735 3979 8132 1995 251 802 7359 3119 5112 
1617 116 4564 4749 5895 892 9312 1275 1574 5372 2647 3572 2495 996 52 4489 7088 698 7387 2524 
7819 5095 1117 8813 104 8944 9259 2659 2957 5448 5727 9849 2670 5908 2295 8684 5984 2783 7315 722 
6034 5790 482 3773 3213 5271 631 1711 4699 4142 178 4464 9879 2048 4396 590 9251 5348 5779 6437 
4048 2526 7207 5359 8601 997 7556 9294 5489 5960 81 3400 2702 4493 1672 529 9478 26 7783 2399 
8521 1448 55 2970 9391 276 1259 6003 948 6951 4762 9079 4240 7977 9297 4627 8652 5857 7123 1674 
5618 9457 7010 4837 1492 9312 291 3659 1728 1063 1228 2817 1795 4928 2737 1843 6987 8843 8240 9171 
4417 8739 7306 5489 7015 9553 9699 8893 8990 7407 5659 25 6428 2368 3470 8818 940 6222 7225 5920 
3717 5316 4958 4716 6384 3342 9066 6754 3844 4109 2309 3543 3044 5983 2393 5212 6396 2302 390 5956 
5480 1783 182 1491 214 9391 9101 151 2044 1489 8483 9179 8045 7019 1701 3641 3848 2970 7768 2480 
1681 3570 4704 822 5444 7635 3056 5200 2488 2408 2082 6336 8144 4338 2826 5087 888 2516 6742 4667 
2734 9520 7961 9938 6782 3235 4616 6159 5443 1004 4388 2276 1067 7554 3705 969 6090 9095 1287 7044 
8705 6119 9759 2650 1169 9638 848 1701 2906 409 6274 4759 5097 6707 1906 7645 9154 6627 2208 7095 
9354 1084 5126 8503 344 6454 5258 7736 1917 7747 5893 2513 3473 6980 6069 7466 6736 8700 2159 5166 
5733 7957 3545 8306 8150 8658 4456 8085 1088 5461 7877 7833 5156 4370 1302 8161 5634 6260 2346 8666 
2325 4655 8036 9711 4064 2437 6235 2679 2887 1756 5953 1186 449 9488 3139 1445 603 197 2097 2754 
5665 8064 4831 5244 7657 2935 3819 5657 4673 5797 3920 4024 5338 8403 9530 2453 8292 3 5914 2906 
125 5487 7612 2873 372 1090 1144 9639 867 2596 6438 5019 8204 8364 2246 9992 3058 833 7006 2807 
203 6722 437 6169 1445 5719 4544 6427 1751 1719 7802 2091 3114 8555 2106 745 3208 9987 2383 1074 
8739 6343 4207 121 105 7585 8033 998 22 8570 9239 6068 8282 6289 6625 7414 2525 8083 9598 4730 
1649 9063 7795 2433 8983 6074 2289 7197 1668 699 3186 491 3717 8375 1716 9011 544 855 1609 3742 
5837 3096 9550 9304 1046 4588 7643 9398 5691 3423 6331 2330 4664 2509 3293 4388 9019 5138 601 4795 
6241 6114 8615 892 2224 378 1468 6210 314 598 8359 6423 3024 8885 2091 1018 8405 1770 2925 9250 
2213 6116 7041 7138 4630 3664 8735 9437 8670 3757 140 7979 6261 1952 9703 9069 7612 4953 7249 1950 
2446 9302 704 3802 8262 8551 6134 1587 6353 3586 6173 5122 4757 5288 3606 6171 2083 6967 3459 2852 
5849 4689 3585 1367 4378 1229 4522 4533 2930 6685 9033 5566 3285 592 1503 1663 5159 6696 534 9867 
5890 1390 1524 1725 3987 981 259 3852 4709 9692 2143 928 2627 7144 4271 1444 1016 866 1575 8893 
8153 6604 3613 2106 789 5386 3419 1277 7020 7135 4804 2745 2398 6597 7386 9259 6421 7985 1888 4782 
9670 6406 9900 8218 772 6777 2351 4877 2677 2309 1943 6476 1881 496 5669 188 5160 2973 9547 6012 
1308 2900 8040 1125 7967 8991 3671 8949 3813 2006 196 5432 205 8349 577 297 3444 3996 1401 199 
875 5376 1603 8171 3483 2288 2232 4137 2678 2706 7256 9189 2415 3471 9994 6712 1836 5652 1795 5811 
2075 6266 3081 9683 1171 5753 2296 6534 9036 121 1813 6125 8738 9945 3569 3122 950 6195 992 156 
165 9535 5418 7920 7197 312 2 9690 5486 9260 837 5885 4045 4903 5253 6055 1359 2754 4679 4552 
4563 1224 1866 469 4400 1498 5129 8728 1970 1811 9219 6314 7759 8478 8873 340 1135 5799 5287 3810 
9243 8095 7990 3465 2261 6804 3777 475 2249 3552 551 5768 2274 4289 4961 6759 2079 8345 6773 8950 
5624 9015 9306 6398 1676 150 1196 1146 2172 9828 2658 1305 5678 501 2574 6642 3418 1769 6373 6280 
9257 2411 4240 9854 8576 1052 9618 4860 6535 1632 7724 3235 1758 8599 8765 3294 370 7998 237 521 
5181 5975 2347 7974 1740 3190 3717 1758 1141 7118 345 5909 9416 1964 4346 7505 1269 2465 9477 4812 
5838 870 1477 4824 543 3339 7459 7298 3915 1072 9810 6906 4729 4264 8634 8098 2159 2939 9283 3413 
8749 1083 6421 7515 3069 7673 5437 3210 8921 392 7762 6830 1374 98 265 748 2912 2459 8678 579 
158 1251 8004 5301 6776 6703 9223 2293 6670 6586 3103 8304 6490 1112 9376 8353 1104 5067 816 6944 
421 6986 1121 235 9534 1726 2288 3528 1195 4399 6988 1017 3028 479 3339 8961 6978 4517 4169 1350 
6625 2108 3283 311 8772 6637 4643 3088 2186 8043 5292 5244 5424 9773 3017 1754 8327 3761 17 9475 
7415 6815 5918 5595 1460 6300 6910 4934 688 2608 5882 7933 1153 2010 1125 5409 2468 6306 6 3792 
1058 5023 2410 2901 4978 1035 7571 5524 3536 7043 4662 3158 2220 6579 276 5938 6006 1858 7479 5757 
7417 634 1888 420 2693 2698 7742 5063 3073 2447 1137 7176 5776 1105 7215 5732 9828 5034 8487 321 
1489 9708 3397 5705 7027 4243 1062 3845 9458 3129 844 7758 3605 1929 372 752 6997 5110 1909 8993 
6852 6605 3292 7360 4941 3143 726 3345 2109 9716 4589 7864 4594 8261 7671 3731 1875 5112 6091 2989 
689 3385 1542 1057 5389 6279 797 3820 362 5781 2212 3478 387 5074 2382 337 464 6363 998 835 
6421 9471 5357 673 5804 4804 4900 7645 3733 936 1069 7218 7418 7034 77 4028 3064 986 4357 9149 
9627 9614 3201 3054 3800 2295 1136 2275 2033 1588 3750 7090 4293 3445 7086 5285 1382 8738 6772 8878 
9263 4381 4050 5019 2374 1317 1225 6074 9390 4268 3522 3678 4944 8811 5397 6050 3067 229 8474 1213 
8185 6938 47 2024 1412 4461 6730 9036 2601 599 942 4351 2059 1165 3747 9520 6059 8000 5729 4849 
5751 788 1421 8981 5313 1171 3592 6282 3858 4514 7364 904 5231 8900 3081 9338 8698 4558 3591 2205 
5115 5452 6572 311 2641 2386 5688 8490 3363 5524 5839 4569 1532 2730 6302 1274 9207 94 1314 1357 
1543 2776 1430 8668 27 6796 1388 8227 160 7762 9326 2481 6822 2263 8788 1263 1223 3890 6056 7105 
4182 6858 2537 7707 1973 3190 5997 4183 9481 9044 827 2676 1186 3550 3879 2000 1045 2777 6703 1673 
572 9008 6246 6656 1698 1762 6991 7199 9415 7975 3389 716 8954 7800 1080 4991 4776 7247 8994 5969 
1232 4317 5898 9894 3705 5659 8577 8572 6230 1827 3963 3684 6105 752 6249 7232 7029 5811 2085 4670 
8520 6152 8573 3780 4201 5288 7155 940 111 3664 6132 5074 1171 577 9032 924 790 3305 8970 7929 
5141 1763 681 2061 7084 9130 6349 5820 7881 9108 5405 1253 9539 1917 3153 929 9755 784 6260 3867 
6769 8718 3372 9042 1018 2552 1469 7469 2752 975 9163 7023 2347 3231 4799 4556 6303 3958 8683 1434 
8166 6411 5329 2779 399 6909 8257 1434 454 6890 4321 7571 6006 4066 9027 5593 5805 570 5953 5026 
9600 1301 76 7445 4030 8016 5765 6552 3481 5341 3275 4963 9570 850 1735 8873 420 3058 132 1975 
9988 3501 7076 6877 3239 4420 9294 7086 6645 2256 1196 4579 8269 1667 516 5428 8617 9662 7301 7849 
2498 1525 2501 3006 4327 2848 7704 7414 6923 3203 2916 1105 2588 8881 691 3169 811 2636 2728 6057 
2425 3600 181 903 5391 1441 2717 7380 3377 2850 3557 3113 4163 2743 1089 1268 748 3965 588 7307 
314 2168 3095 4784 3031 8590 5606 3318 3531 787 5768 4147 5345 6195 1862 9799 1758 5367 7421 4348 
3360 5090 8495 6957 1747 8444 1654 92 7690 289 6475 1247 1771 8458 9510 9147 2172 9324 999 7988 
4829 8463 4437 3172 918 1698 2229 8090 2323 1245 1565 2020 2461 3960 9273 560 7146 4522 1933 2767 
7320 1812 7420 7419 1094 8095 1657 2203 5875 5075 4780 6101 6139 633 2648 9587 7967 7364 2171 857 
7269 2251 4437 7957 4048 2634 4556 8888 7489 6090 9246 8916 2350 7518 2521 567 5010 5248 8616 2135 
1620 5435 6367 366 4749 7018 2201 7257 5860 512 687 9739 941 4618 7676 5431 1410 4354 4511 9629 
4063 245 1569 1108 6036 5831 1304 6458 5479 1605 7354 3464 4664 2828 3910 7290 409 2089 1712 1917 
4510 1296 1675 9097 9073 7184 812 6817 1770 6262 5276 7032 5084 7762 6462 6551 7715 6935 3106 9117 
5853 9767 7193 6422 8038 5278 7066 3326 5337 5693 452 2248 9908 1002 6069 2618 9867 1846 5723 1900 
9504 4496 4489 6369 5697 8632 4908 9860 7266 2150 462 823 3645 1548 2571 3112 855 3641 1458 7029 
373 5200 46 6033 3054 5448 774 9479 1219 5877 9410 5103 1228 9095 1295 1167 741 2065 1940 4756 
7881 93 4646 7649 8830 6286 281 5814 8305 8838 6984 5205 3283 4425 7 1233 9333 8817 6966 2648 
2415 4068 1225 1027 2407 163 3574 5979 3680 6484 478 7902 3297 4978 3968 2226 8312 1459 539 3145 
591 155 6738 150 9837 6400 9429 7680 3600 8125 1789 3348 5209 4890 3943 3375 3512 636 5174 1916 
8747 9529 4098 603 561 6623 7173 7139 388 3765 376 9433 6758 4178 857 721 1658 604 5296 5381 
2327 3220 3891 6596 2745 1569 4390 8796 6632 9050 4214 43 8797 2520 3192 8802 4497 4906 7277 7068 
1353 4651 1946 877 864 8625 5445 6798 67 5735 9714 8984 4226 6782 655 8431 629 5472 44 5810 
6094 1237 320 6288 846 1529 8808 3084 1546 8077 8800 6644 3359 2012 5287 1086 5811 8514 2574 6516 
8847 9704 7137 7779 2394 4323 8202 382 8631 8254 738 7576 7842 6933 3546 6530 9910 6308 1577 1441 
387 1678 2230 9827 3790 7426 24 2772 2282 4459 4124 9036 406 4104 9911 8459 4934 9723 4156 3305 
3446 6949 1424 199 60 7634 989 3209 6862 5825 2788 2040 5780 6855 2326 8835 1423 4452 9205 7126 
4266 2678 2406 4542 5152 813 9962 2363 495 1391 7645 3543 1467 1644 4942 6118 2549 8740 1249 4254 
5037 1032 545 2153 1334 351 4282 6905 7497 5866 9925 1676 1837 6682 1237 7008 2118 4320 9875 8233 
3803 1637 997 8464 3245 5035 948 3486 116 2948 8893 4153 236 6561 3608 6462 128 4510 5864 5536 
4645 892 2706 1359 75 1119 8705 1437 31 2169 1817 9453 2900 7302 811 6461 1796 2874 5289 6790 
3649 8552 4459 8417 1345 9029 5856 9820 4090 6203 5272 2782 7962 7970 7650 1287 2906 5164 6098 5547 
4547 7280 8614 6816 834 3595 5192 2486 1528 1825 7862 3463 4581 3913 8289 8047 790 1498 755 6190 
1229 672 4980 2187 6704 7524 2750 8443 2036 1899 1744 9155 8251 2862 2672 5754 2267 8554 8213 1442 
3778 7768 9219 5576 423 5760 8392 602 6851 6249 2423 2474 7327 1524 659 1088 7055 890 8350 4452 
5248 1699 4402 4796 3422 5801 1520 9106 6873 3053 2679 330 5113 3032 9496 7075 6464 883 2584 9131 
7502 2011 1797 7448 8715 9663 7788 7845 7664 1389 9914 1113 5335 7773 2641 1566 6500 6667 7806 1585 
7636 8026 8441 8869 7957 1927 2253 2077 8534 1676 1880 3242 417 2262 6005 7297 5030 1594 2280 9073 
5802 4323 8025 4867 6703 8927 8229 6819 854 778 9298 846 6386 5547 8546 3340 9967 7982 5097 2112 
1315 594 1570 798 196 8628 8990 2845 9226 1115 1551 7949 3974 1445 8389 6794 8770 4034 1670 8929 
2315 7136 1651 882 7197 4983 2009 8279 5726 8406 1829 580 4494 1228 2908 688 5597 252 7050 2323 
334 8699 57 368 6074 8188 9060 2613 4264 334 7740 4528 5339 2260 107 1396 220 8533 423 2013 
1211 5157 7529 5520 3840 8932 1423 2823 5078 2725 7135 1372 9626 6578 5453 1555 5696 4734 8751 988 
4760 7899 9951 9577 2383 8046 7792 3965 4456 9535 276 5590 4860 1109 3469 5149 1200 2961 5843 8140 
1254 5321 8550 1967 9991 5353 4133 9453 3360 4949 2990 9688 4074 6866 7782 9987 8990 3909 187 4805 
1144 3084 632 2156 2043 3884 505 2323 662 9867 9168 8598 9206 2063 2951 7333 2092 8454 3991 1335 
6512 4680 7960 1121 7638 201 2218 8232 1472 5715 7892 7539 7604 8180 986 7572 2287 4788 4612 7305 
7930 1802 365 4414 8173 655 5418 7029 9905 2147 1660 2728 2298 8990 2199 638 3125 2010 1283 573 
7533 5775 9394 432 4469 3887 5108 1497 4817 9876 9656 2231 3717 6518 8212 2363 1555 785 2310 5256 
7951 5526 812 4650 9253 6625 6593 2696 7054 8155 7897 1532 1806 8385 5535 1923 2913 9333 5500 7376 
3016 8883 6315 9414 7582 9063 6379 7478 7984 5821 6181 6389 4061 3289 14 4674 8378 5544 9919 1927 
9257 8406 7555 3885 3082 1521 9505 9557 194 9246 635 4148 5500 7995 5926 3038 6862 5621 8347 279 
4717 3883 9165 2214 2147 2963 3180 8634 4832 8459 8841 370 7342 2594 8955 4200 5386 7912 2385 1053 
8576 3955 8793 7307 6742 5379 7713 7462 2204 6905 3564 3381 8705 6771 5751 3616 8362 2139 1884 8922 
6239 1762 4070 9169 4998 7847 5063 68 4133 3964 7607 8772 9170 6618 5918 5069 3677 8419 7715 1687 
2032 7529 2981 2121 9365 8270 1082 4429 3241 9547 4743 7882 8847 5525 5280 9645 921 5196 2048 7337 
1667 2534 6491 2481 864 460 4993 4980 5705 947 2630 3817 9154 6638 6288 2858 4735 5842 2656 357 
2328 5674 9109 2720 1369 7340 3421 3294 8189 203 350 8416 28 1230 5476 9357 5858 4306 7739 2837 
850 8779 8736 434 5851 1745 1907 8513 8090 8936 319 4511 1711 4912 8302 7831 9444 1247 102 7947 
9356 9563 1912 1201 8185 1341 7819 8448 2433 2578 1844 5466 6833 5876 202 7229 482 424 9767 4725 
4091 6217 9041 7412 3559 1717 7145 6933 8409 2198 7587 7149 8589 7268 1880 4611 9265 6137 2968 6209 
3876 6998 9268 7947 3837 9252 9084 1760 7487 8621 8532 6463 9868 27 1676 1452 583 3377 1967 4771 
2223 2665 9420 3547 5065 142 2436 1359 8860 5340 4419 3737 5091 3188 707 9152 670 1300 4253 7300 
1851 9574 5601 4182 1172 232 3433 6430 1576 12 5064 1576 2846 8801 5336 7198 6806 8913 8965 5180 
3955 2348 9092 2303 455 8534 2825 8976 8605 4700 8007 3456 3565 4893 2648 2132 8987 2070 7407 2322 
3105 7342 3004 4140 862 5972 1889 5566 9614 534 1123 835 3997 851 723 5052 1495 1555 6557 5571 
8609 7509 9456 2781 7005 9017 1775 2814 1225 1071 3512 8210 2282 1152 1091 281 9320 1532 9053 3522 
2601 4163 4534 8571 9826 9912 3703 5304 9211 834 1576 882 275 8069 5601 9698 8787 6449 7663 2526 
7191 3674 2314 6115 5067 5592 597 532 2659 3743 3621 7810 8190 5185 1861 7965 7515 6115 4777 5482 
683 557 3522 7877 8425 8406 1330 3272 1608 7295 9888 5820 8653 8303 2270 7168 2429 2111 7065 4760 
3319 5623 273 2583 6581 5657 3433 1313 1758 2491 8577 8186 1840 4971 5075 7779 2045 4222 1115 8278 
1476 4490 602 8271 1537 2598 8652 5438 1415 526 9240 3851 6829 9402 6040 9401 6822 4929 9387 238 
6950 5754 6551 6193 8081 3924 2114 2837 7046 8743 7315 293 4941 6570 5156 2016 1469 646 7388 1336 
2385 3483 5674 4181 9484 8226 8612 4463 5738 5187 5825 1852 2712 7367 803 8615 1959 5632 9257 1858 
6269 6104 4643 3373 9101 4903 408 1911 1000 5753 3989 3748 6244 3696 2583 5919 668 9990 2491 1378 
3464 4213 355 1525 1758 2474 1324 7507 2729 71 8158 9139 9481 5193 5699 3445 9899 921 9180 9371 
4075 439 4624 7898 4439 9475 8759 3025 3301 1806 2838 8394 3448 2625 3787 1182 4799 971 2155 2334 
4031 1121 906 9999 8914 8577 2667 1078 5519 4425 1337 1300 2636 902 7814 6419 1730 4734 657 2178 
624 1697 7165 5630 6915 3870 9503 6546 6708 898 3528 8895 7281 2727 2165 3551 2657 5274 8387 1479 
2994 2509 7175 6699 4486 5327 1660 9351 6190 6216 1774 2155 9412 7977 8103 8918 3935 6995 5784 3287 
9283 584 2491 8703 4440 1663 8726 4395 9564 1819 8051 7265 2667 3406 6797 1752 2654 6650 4925 6909 
9201 7961 4342 4451 6762 7101 638 3195 2359 1114 718 6405 8486 9267 6748 7910 3547 7538 2727 6458 
7118 5660 9202 1227 2659 2644 3509 9202 4334 3183 1488 5646 9926 5145 9329 1587 3305 277 7640 8037 
3344 3706 5593 1925 2741 2636 818 1771 7650 2793 9502 9157 9724 694 7273 8030 1632 8584 2117 8354 
3645 3527 7580 7825 834 3007 3671 2643 2761 9626 7102 3195 1364 6779 1505 1359 4630 3900 2647 8486 
1414 8234 3124 163 1488 1103 48 6977 2636 720 3398 1232 1635 7192 4554 2047 3247 2389 1343 2186 
9618 4786 9368 3062 8666 6245 4445 10 6436 4409 9761 896 4510 1967 9169 6477 3441 3680 431 7549 
2655 5846 2400 3651 9049 2908 6114 5392 3492 1427 2291 1344 1453 6310 9902 6669 3579 5312 2983 9743 
1828 3037 4809 3713 2690 462 1949 586 6311 5505 9214 8330 5823 817 5675 5219 790 4153 3852 5739 
1210 9391 5193 3967 3841 2270 9287 457 509 2788 8885 2373 9711 2334 5558 1825 2251 257 4511 467 
4987 7339 6772 847 4054 6392 5742 1033 1458 8089 1712 2216 9351 5618 7466 3228 3750 6115 3229 8274 
3339 313 5424 9045 382 1302 4898 7526 2800 719 4177 8959 8516 9156 1370 1269 7035 7861 1090 2749 
2582 5555 4293 4752 1413 2276 797 7793 613 1579 2550 3071 3098 9592 7375 9158 1065 3692 835 2219 
4489 9583 4233 8855 8410 7381 6392 7635 535 8879 15 7510 7081 4910 3013 1755 6972 4365 2844 7350 
2485 6080 7659 3512 5828 695 2716 3137 1446 4167 3730 246 8015 1883 6704 6739 3110 3191 7574 8162 
3633 398 8477 6253 5875 8196 7174 736 3379 2486 2765 8147 5422 3480 2388 7366 5344 9295 6461 2430 
2607 2145 1831 5055 2921 1018 5118 218 5215 8673 5772 5706 3185 4506 5012 3705 5740 6668 1201 9384 
1298 69 5690 1919 1337 2397 7384 7041 7078 5593 9595 6740 5323 3489 5738 5807 3759 452 1738 7925 
7021 666 9730 7762 4896 587 5820 2851 8685 8030 1869 7258 241 6148 3785 1426 141 2358 3953 656 
1471 923 1838 2331 67 511 3939 7998 3929 2017 3102 9515 4985 6924 7775 9234 2244 6393 4140 2162 
877 1970 6612 1327 9193 7049 2418 5989 3138 2106 5749 9900 2274 6687 7182 3725 8702 4739 1737 7299 
1840 2073 6176 5669 5258 9950 8892 9667 9256 2508 1949 2207 8181 4624 2444 3199 8753 7470 5695 4880 
8561 7907 8781 9405 2087 7116 5587 3695 2788 9685 629 4023 1979 884 4969 859 920 8696 1649 6013 
3265 4044 9959 6274 7852 1344 8734 7425 7297 4938 7526 2234 1569 4168 6945 1210 2983 2041 8516 8812 
6349 9773 8928 8657 9379 475 2225 2276 4748 1330 9734 2631 7689 5553 7618 8674 9610 6698 5506 2126 
2049 7044 6721 2140 4250 49 6488 6459 4185 6896 3402 6666 4802 6948 7295 794 7918 2308 9423 9208 
908 5236 1954 5754 6487 579 3110 280 7335 8934 7904 3901 2474 2518 4662 2477 3924 8390 8780 9241 
4389 4408 1949 5873 7722 6832 2589 202 950 1304 6781 896 3267 1478 7775 9021 1395 1035 1658 4683 
7372 1053 7888 5687 9651 4615 5934 4918 1000 1247 3075 8284 3907 2905 4597 3306 2685 1498 177 1288 
8979 4592 3249 5908 5382 5872 3475 3481 230 7199 6151 7572 4688 2501 8073 3363 6901 4959 6624 2159 
6653 5428 982 1419 5292 9083 7754 9629 356 5003 7154 5869 1979 1058 2052 8299 4975 5146 3223 7590 
1351 6649 9285 4586 6715 6408 6196 1914 1927 8006 1558 2383 684 5885 6461 2191 5479 4166 2099 6529 
2166 617 4665 400 8776 7960 2382 8686 9461 3548 3539 8907 9198 9791 6956 7926 582 652 2345 2035 
1905 1044 1526 7566 2587 7859 1360 3247 877 514 7049 3951 8172 5294 8974 8745 5970 2616 4935 404 
7648 9006 1598 5169 5988 8171 2100 816 4808 9563 1728 7991 8395 4193 9897 6245 8789 1964 2646 7412 
2277 3319 756 5630 892 7968 1465 9410 1775 716 6374 6118 6345 5897 1394 4287 16 5091 852 4735 
377 3915 7441 2526 5198 3173 2167 9676 5407 9105 9641 2150 9943 5069 7340 3559 1472 4025 6945 2769 
1113 5243 405 3980 8215 7811 4805 6046 4586 529 853 4955 9666 9238 2163 1951 2193 3769 9176 2906 
9955 1099 4015 4028 8523 9389 729 3521 9055 832 1504 4910 8823 4780 1162 5933 8386 3094 4368 2101 
1851 6220 8480 7774 7514 9203 3695 8291 2573 131 9427 4776 2408 1744 865 862 7674 7197 2514 2325 
4178 2204 1884 8258 6450 6281 7054 2177 1683 8232 9435 7053 7273 5036 1610 4973 153 2234 7725 5441 
72 6476 8466 9614 9670 8522 9335 8501 363 5014 4097 5035 4304 8407 2718 8181 9921 3993 761 9474 
1553 7235 4478 7373 1327 7145 6862 4899 1816 8738 5061 4706 1740 9853 571 8307 2805 6432 1992 4041 
5638 2193 76 7738 6593 8920 989 9150 4636 532 8162 7301 2212 7789 1856 6942 3330 3851 2355 6918 
9821 7269 8863 9261 5169 2908 8759 7231 2574 1385 990 913 4788 6452 9324 7547 2366 5207 6035 1349 
3148 3042 6643 1701 965 6800 9050 4280 380 3754 4944 8654 9491 6666 7411 5227 1261 8355 2014 9323 
3897 5743 3599 2726 3484 2809 3913 8133 9869 2412 2311 8532 7479 2571 2322 9736 347 387 5892 8082 
5652 8286 7454 8756 303 3913 1336 7828 7002 7272 3591 3007 1388 2153 7748 7728 2406 1878 2954 5889 
2585 7663 4928 160 5735 231 2824 3958 7054 1118 102 6149 2867 15 9749 9664 3131 3514 1927 2463 
1616 8037 8252 3266 2129 5871 5413 8806 8315 7109 8761 3766 7079 1768 3047 340 4868 7199 7277 9016 
247 3545 6216 6456 6287 3269 2125 2073 6846 8118 56 1940 5941 161 6723 3341 6287 2441 1993 9024 
2978 4781 684 205 689 3056 2020 2278 1301 3017 8008 6741 4940 8668 2194 4388 3490 6281 1918 7703 
6176 659 4483 5405 8595 452 5701 1959 4799 3855 2474 551 7011 9542 1276 2973 2142 7997 1246 2126 
8610 4526 4387 8295 6920 3935 1115 7200 5364 7345 5199 2068 3850 9450 3551 479 1505 1318 1690 9945 
9992 5785 9726 1267 4342 568 1825 5327 4326 7816 3551 677 7075 9703 8980 5859 592 6010 108 9557 
3339 4822 4009 6165 1219 3092 9030 1125 7144 7999 1626 842 1122 5887 1742 2619 6676 939 3426 8779 
2594 186 1341 3363 1361 1050 1396 7108 62 6309 2493 3530 2161 5441 4660 7557 2099 3863 6734 7013 
4063 1335 9484 9219 4373 1033 8866 4536 6260 8263 4841 8632 9225 1993 2145 255 1139 4977 1675 9039 
3593 4392 1174 5832 9886 3224 2200 2058 1699 493 3136 1383 1358 2230 2441 6204 8394 1775 6562 3281 
6959 8516 1868 6751 5123 6575 4147 1602 2161 2418 9665 1375 4681 4572 1407 583 2344 6101 4877 6508 
458 924 2596 3188 5901 4420 9178 8412 456 3418 2645 5295 2108 506 9044 4951 1961 6482 9579 2291 
3492 9911 8413 7626 2679 375 1871 6542 1449 991 7978 8772 208 5086 9057 3252 645 9 9876 6252 
3063 4944 8357 4426 9427 3105 6873 4377 34 6252 4096 6315 9203 2359 9705 5096 4938 9010 2527 4342 
9657 4254 8297 7738 2478 6585 1585 9806 4621 3933 3458 8387 112 7323 8984 6393 8876 3553 7363 7196 
3798 1331 2940 609 2214 9193 6827 9346 7434 2438 2295 326 2734 1241 3056 3317 2955 1015 4362 2954 
1869 8424 347 7274 2426 7969 471 4324 6496 9155 4025 8297 5710 7457 2005 2286 5989 3751 7340 6960 
8608 3529 6911 9943 2530 8442 6520 6446 7023 3183 9461 8514 2510 6851 9702 6392 6061 748 1114 1524 
4406 2813 1876 1896 6849 2973 1236 2026 7305 3896 2003 5545 3827 9909 4463 513 364 7944 1688 9084 
9763 8809 8538 5868 9975 7108 6652 246 5698 1506 7096 401 2502 7496 9133 464 7991 2047 9537 6220 
713 8628 5850 966 2619 5649 6463 7835 4709 6363 7530 4216 4878 1133 8369 112 2705 997 7829 8828 
8480 5309 4187 770 1225 4541 5513 7498 6840 1455 9859 5901 9614 1475 9879 8414 4209 1268 8470 4045 
6276 1451 52 5850 4072 9843 6385 8215 754 7612 4137 8689 175 900 8809 5392 9862 5347 7779 4749 
797 5493 276 1204 2415 4333 3828 5802 4748 9272 9469 5920 4625 3792 2927 9017 7673 8307 9604 9016 
9188 6115 2448 7406 7320 6239 6971 3363 2709 6913 3122 530 5885 4905 2282 7978 3604 4698 4471 4833 
4548 5844 8028 5948 4324 4034 5171 7005 8474 1877 160 7068 1918 9569 8369 810 2306 4037 2569 3954 
7375 3537 237 8640 8897 9651 1422 1174 981 2899 9016 5468 6385 1920 603 184 6022 8426 696 6895 
3426 2353 5310 3259 7865 2797 9013 8526 2757 688 1850 6613 315 650 4861 6672 2479 8907 1128 3153 
2891 6558 1713 6995 7196 2116 8769 397 6446 6046 454 9559 9178 6287 198 1420 2028 4529 7460 8433 
2153 9031 8952 9893 225 6516 3162 3241 1745 2762 5488 3682 8221 4436 5545 8653 8076 264 3688 2994 
7332 8807 9668 8588 6536 8376 6783 24 2719 8020 3830 9436 4743 1122 7593 9754 7417 6694 2812 5220 
5967 1590 5405 9938 1939 2590 6695 6243 5354 6644 4406 3488 6497 1454 1227 4135 6006 834 7682 6646 
1563 7662 4211 1462 3398 3770 9382 9563 9980 5114 8523 6041 4112 6680 2440 8201 9558 5442 5620 9356 
3981 9056 7860 335 2300 7097 5059 143 5020 2326 3400 1807 2422 2375 659 1000 687 1925 3815 97 
6545 8535 5438 1855 2076 8537 7737 462 7133 250 7048 305 4141 676 7802 3862 9181 6146 2596 3277 
5168 2429 1255 3435 3547 4983 6733 4490 6104 828 9972 4003 9057 6549 207 5375 5451 6879 328 2282 
4032 1564 6139 729 4642 2201 1407 1806 9357 7375 1238 6761 508 1005 6456 8561 959 2838 3034 467 
8843 1095 2052 6874 2771 1581 6516 3104 8454 644 4365 468 168 7842 5092 525 6757 773 8205 2078 
8355 6858 9888 7610 6488 8832 9330 4393 1228 1660 7826 188 6720 3631 2145 638 9023 8885 1253 4267 
531 5215 6352 2629 1532 2067 2076 7844 8685 2753 4538 1694 2247 9034 3420 2793 1018 3133 8095 5548 
1465 2 9181 1468 8317 250 4689 7398 1389 2086 7276 4647 8061 7959 680 4852 4660 54 6764 1864 
5554 5414 2943 5080 5954 1175 3744 4141 8940 8652 549 1282 398 6478 1138 380 5308 4754 9245 2202 
2294 9336 7248 8285 8809 9926 8558 9562 6633 1525 7562 8318 9421 9083 2772 6834 6635 3384 5973 3439 
3717 8276 9613 9954 3460 8073 939 1251 7365 7389 493 899 7473 2692 4264 5781 241 4147 7386 2127 
7841 727 1614 8432 9269 6695 1265 660 3066 1367 3954 9030 6814 2415 3327 8405 6002 4604 1166 7738 
5550 7621 5464 3353 438 1504 8461 454 5052 102 1380 7018 1991 7508 7570 4454 1010 1476 781 3207 
1799 8123 1345 7515 3854 2388 387 9811 80 3181 6532 3449 625 4129 9080 227 782 5190 3175 9417 
9027 6487 2644 1652 560 1780 44 2423 4717 7561 3265 5763 9931 5020 6696 9285 1853 1499 6304 7523 
9367 2054 1557 4087 7510 2040 1379 2362 8640 4300 8782 6341 5949 3982 8401 8084 3878 4591 3461 9404 
8461 3837 6853 8719 637 9027 1137 221 3059 2268 4479 6765 5310 9534 2264 5308 3587 8468 1986 3542 
4692 2220 6089 7619 994 4179 2692 7475 48 4286 7142 7949 3402 2874 961 5411 4870 4406 8994 5531 
1113 6431 665 5706 5437 6764 5111 2098 7634 1436 1181 6654 2931 6861 5714 6202 9034 654 8517 3928 
487 4807 2980 9937 5932 6455 5661 6585 9660 1022 3331 3142 2118 9404 1268 4386 7821 7722 3592 7694 
890 9256 1595 9226 3428 7270 8703 3299 4638 1735 156 6188 7153 2931 6074 9968 2140 5580 8913 9319 
2586 7107 1486 311 3571 8588 9512 4716 8309 1983 9940 3595 5988 8384 8214 1731 4031 8097 377 3910 
997 1127 5313 7639 5320 1034 254 9203 6737 465 8260 9173 4533 5422 9529 4245 2662 7829 2047 1553 
8829 4723 5123 7855 8022 28 3908 977 3132 1285 7560 8522 2072 5588 1275 6304 6340 8789 3626 9826 
9668 7774 9135 5276 6935 9861 9502 1481 6282 5728 9567 1624 7389 8414 8844 4018 6251 6308 3902 9483 
7972 1610 275 1415 2141 7255 3220 3151 9339 7002 260 9508 2268 3387 6554 2467 4535 4386 7715 9578 
5476 9030 6193 1834 7006 1128 2313 2189 9624 6864 4076 8874 798 4984 8356 662 9022 3017 8674 5485 
3991 6547 5733 2482 5569 5169 8957 7459 2621 8555 3680 1585 8222 1997 1165 8190 6775 9305 2704 2424 
8487 5017 4358 8181 9939 4615 2065 5359 3619 1744 3054 786 6048 8358 4356 4003 7531 1894 1600 1604 
2562 1994 3951 7109 2191 9807 7771 6877 6337 6681 1466 2410 1183 533 8099 6613 4266 6543 5939 7321 
7602 454 1359 6709 4572 4509 1947 2048 5811 9859 394 6429 733 7157 3815 1248 6447 2387 8259 8719 
1411 2592 8783 4252 9144 7933 1005 5250 8731 5177 482 7693 8501 6450 6479 7247 3637 4367 3056 9457 
2224 3505 8068 2567 2358 4870 1759 8423 8054 6112 8924 4715 2725 9206 3575 4917 4571 2650 1130 9811 
6062 2219 470 8643 6307 7947 9188 2104 8930 132 972 3485 5514 4790 774 3593 5973 8788 544 244 
9933 3808 3952 4970 9855 4292 3498 1326 8287 7634 7187 6192 2300 510 6646 5058 7941 2379 7079 2855 
8380 2371 4951 9020 1354 2124 4248 7724 5123 9863 7202 5951 236 282 5413 2531 2922 5680 7711 4190 
812 1215 1936 2162 4028 7419 4028 1154 7250 6393 1168 5716 1530 4486 4057 8136 7879 7593 9346 5048 
2199 183 9197 1967 8505 1254 7732 9551 9821 9571 4111 3550 9595 4776 4328 5665 6678 8680 830 2172 
2242 5853 9287 1544 5700 7172 554 2230 1849 5271 4812 3060 4602 9132 8264 4045 3982 2732 4916 5589 
7296 9462 9330 6630 9011 612 133 3748 691 5631 2309 6072 3390 5839 9924 4139 1522 9493 2673 961 
5257 8445 8973 9432 1347 1694 7645 3425 5602 1636 4399 3150 2636 4447 1504 2749 3132 4701 5773 9172 
9818 9670 6920 141 8092 7879 1150 3636 4637 3345 8455 5007 1486 6850 8046 941 6458 1221 9314 5138 
6462 1334 3195 1074 8136 1992 273 9483 191 538 7257 3801 1123 5031 4625 7156 2375 2717 1695 5884 
7836 6225 6372 6072 848 9440 599 75 7271 5593 8448 5240 6584 7178 3441 1144 7708 9624 8476 7130 
5346 8067 8481 4138 7751 1544 9654 6452 260 7545 7101 5834 616 5691 6400 4117 1655 4382 8624 121 
7203 1058 30 812 2923 6504 5161 9785 5809 2167 3226 847 3456 912 5692 9631 7853 1875 9441 2854 
7165 4307 9104 8615 4088 2136 5555 5662 2540 9060 2624 8384 4677 6697 5014 9958 2124 4792 7963 2524 
1902 5580 3139 5749 6302 7449 260 6065 8429 1519 2920 2210 8201 3092 722 8459 9908 1552 8516 5482 
134 4538 4833 2967 9733 7188 318 9037 4997 7810 9343 602 7067 1425 2799 738 9830 6966 1439 7704 
1488 1572 531 9695 2640 4274 8394 2541 276 5532 2541 3841 766 3864 1529 7687 7420 7276 4368 8202 
4813 2239 1916 4362 7392 3021 8294 1278 9679 6271 8070 2379 652 426 4220 7669 9451 6374 3679 5445 
7937 2962 2548 3101 6619 2071 4113 5464 6097 7306 9858 8629 6236 3973 7883 4325 7814 360 4447 2786 
8417 316 6881 8099 1788 7609 9130 589 1761 2665 4954 8093 1714 1100 498 8339 7877 5101 1873 9393 
7437 7684 2685 9749 859 894 2868 2882 5508 7962 4820 2774 5541 1573 9720 5815 9605 2713 4676 1167 
5162 2865 6787 7114 3743 32 4318 5662 6116 3651 1984 7211 6422 7188 3016 4786 2737 4560 2079 5370 
2035 8715 7243 4241 7474 8963 3554 48 6593 8162 1779 370 9407 5912 5026 8247 1169 9912 8978 4964 
2609 2097 8440 4061 8582 4657 9757 5221 86 1285 3076 3461 1193 2804 2749 8443 337 5084 4937 1029 
1319 9212 7327 191 1175 7189 4478 7402 2750 9259 9876 7165 2787 6800 5887 9727 2756 4530 7778 6326 
819 5524 4074 4538 5633 4315 6641 5966 1640 4522 1075 3632 5663 9488 6943 6414 1306 1295 1233 7899 
9489 6657 3917 4210 4546 566 1326 8635 5561 1313 6224 4396 1471 2020 2874 2322 5776 1865 2961 7344 
1361 1075 1529 1830 6514 7140 7757 5846 5873 2048 7569 2163 1231 6289 2277 6299 7175 5421 4109 2615 
5228 7877 2975 3984 6578 6431 2396 3476 8128 6902 4483 5209 6404 2225 979 2545 2375 1457 1167 3551 
2339 9711 9815 2793 1138 2405 4868 7423 9657 9835 1476 907 2229 4390 1879 665 2068 3628 3448 6537 
4200 2011 5488 4914 7831 2970 6456 4569 1222 4560 9006 8386 2328 9300 491 9799 7377 7620 7570 9831 
672 7034 8554 4624 3116 9388 3823 3808 798 467 1958 216 7120 7070 8992 5602 6404 9224 2882 9637 
952 8631 146 4695 5464 6743 3396 7826 6965 1846 4998 6794 293 8385 56 5054 7754 4239 2897 1036 
5319 252 670 7866 5025 4793 3979 211 7042 6114 295 3054 3396 1456 2195 6149 4460 7184 1292 3396 
4693 3363 1577 8145 1055 5544 3046 8124 9318 375 7459 998 7880 2735 8519 4711 4898 9027 6473 7162 
7130 752 8320 8604 4770 882 8729 9141 2795 519 985 8741 4201 3284 6627 9203 2422 8310 5244 1634 
1529 7596 9070 8902 9352 6884 1258 3382 5963 8147 8465 8673 5443 3929 4469 9173 9067 3124 4827 6622 
2574 324 9940 2429 4137 5551 2044 6313 8018 8469 6722 9098 5882 5767 3562 2675 3071 3651 9759 9455 
1828 6131 7917 7984 453 8423 6909 2292 822 7232 7074 2569 2828 3855 2437 435 6462 4173 156 6843 
8396 2556 2672 7593 2721 350 8270 1270 2069 437 2782 4843 8342 5322 7059 9359 329 3457 5090 8431 
3419 2317 790 3678 7821 8656 1715 8911 9215 1526 3098 1952 3803 2483 3405 7146 166 6874 9268 5734 
3539 8320 1438 1634 7433 5360 9627 5316 7397 7471 7418 7167 2483 323 7263 8740 441 416 9528 8650 
8212 2819 671 1057 1416 451 1586 7955 5186 6468 5826 4300 8832 5901 1961 9324 1571 1485 2559 7706 
915 890 6350 8251 8020 1562 4821 2035 505 9573 1050 5084 5350 6090 9716 7365 5338 5106 4999 3788 
6988 3090 7025 7295 4532 9925 8469 9279 2078 4537 7062 5559 7067 5048 4998 3308 9513 9178 4991 8869 
5828 249 9346 8284 3068 6677 8574 2341 3833 6009 9316 9662 6396 6302 2377 5000 5848 4654 1899 3046 
2513 8188 5847 2771 4500 6034 6058 4137 5287 3611 806 5567 82 8546 1528 8499 4350 3818 6024 5704 
397 7472 2561 1393 6475 8494 8433 9791 451 802 6611 6807 8053 6174 4827 5960 486 6384 5649 4411 
6984 3669 9571 9484 6636 7018 900 7848 5493 4051 3417 6503 4383 3024 5109 508 4672 2124 7715 3995 
173 9991 9316 1386 6112 7831 6954 2763 4761 5083 3941 745 6787 3760 9019 8993 8553 4663 7581 3092 
8872 9511 9768 6506 3142 9871 5225 3176 7907 5247 4245 2036 6543 1367 3544 2249 2956 5327 8380 4615 
6758 329 1756 6092 192 8356 3929 3497 5825 8003 6813 6702 9103 2398 1134 1272 2650 9974 9061 204 
7484 1518 8016 3828 784 521 1781 7801 8161 6431 9528 3969 7300 5076 5039 6348 7704 1994 580 3418 
5372 8933 4490 1951 5187 511 9539 153 4116 6206 9585 4273 4180 4659 524 4768 2744 6725 7796 2789 
9077 1741 6792 1540 4139 418 4854 2048 4210 344 2915 204 8275 6869 6093 3359 1130 7252 1279 758 
7371 8958 421 1007 3155 1221 7537 2355 4735 4002 8781 4898 6371 1922 8066 4598 260 2205 1848 5601 
6838 9144 223 9096 8078 443 2222 1781 1487 8852 5850 1719 4711 6765 4777 669 4575 8892 8022 6803 
8766 2826 1512 3691 6784 6007 5519 367 7270 5500 4559 9590 1565 4192 2224 8054 9715 6431 1364 2713 
9655 8839 7019 9923 5361 2917 6516 5395 1922 7120 2453 2120 1005 7348 7884 8902 2069 3091 1751 936 
9241 9046 6641 4008 9374 6890 4606 4365 588 4665 1593 7365 4044 1877 59 6051 2704 9917 1855 4730 
1987 9257 5572 571 4546 6472 451 2139 5595 5101 6401 8345 1637 3573 9639 718 97 7004 5632 3574 
2256 353 6099 510 1909 2695 674 7343 5356 6717 9362 8394 4874 3184 5324 3748 9415 5551 1347 2419 
202 2335 5079 1193 5155 6256 1913 8993 4111 1600 1232 9480 3207 3455 1499 5407 8282 1619 7144 990 
7789 8717 5493 5210 5696 683 1157 426 5331 6383 2293 6166 5880 2384 4895 6337 1883 6255 2478 2745 
2335 573 4372 2444 1626 5915 8457 1646 1508 9042 5413 744 6940 3301 9055 4179 3948 2531 4022 4245 
6174 9985 3969 1675 2095 8439 1698 4424 835 6410 5472 3293 9001 2187 1221 5546 2624 7821 5525 1763 
3242 956 1232 1382 2208 7069 3978 1708 8599 8944 3609 1567 5521 9357 5566 7419 7158 9294 72 4359 
3493 1545 4613 2134 6118 7538 4987 1193 2706 6782 9142 4631 5685 3418 786 1472 1618 7533 2076 6078 
231 1899 1108 2541 1107 1180 5238 6509 2694 3804 1641 6070 2728 164 1510 7099 7309 5018 2077 7281 
3606 4084 8101 4834 4347 3618 7299 5069 2888 9725 1982 2977 9974 4506 3680 2810 364 4116 2415 6698 
2566 9193 2924 508 1108 1059 5659 8965 1206 4155 5941 5500 8454 3001 6315 8827 5286 3278 9963 7254 
3437 2357 8520 5500 3964 4407 9989 108 421 3279 5490 5914 7790 9981 5786 2417 5362 2863 3372 3147 
9753 4541 457 5791 2842 3251 45 7707 7870 5252 9474 9666 7606 3357 561 1383 2719 377 202 2123 
7029 227 4135 1188 1622 9056 9755 7566 7449 30 4384 2470 8207 5832 3778 4661 3752 1004 3446 2745 
4777 9694 5264 6666 3901 9870 4867 3004 3465 4023 457 336 1172 1274 1445 9728 631 2139 4167 4443 
722 7929 5249 8861 5135 8820 8328 1331 634 4410 5789 7086 2001 2355 5500 4710 521 5486 8852 2912 
3345 7019 8392 5555 763 3642 102 3383 1928 2244 8790 3631 2691 8377 3173 9961 6881 1593 6963 4356 
7096 8071 5929 1281 541 4587 9855 205 2594 3015 6749 2766 6208 6636 3152 8539 5105 9309 672 4177 
4242 3524 432 8435 566 2404 7717 2514 5870 7840 9578 5006 904 5802 3379 523 246 7806 6737 3352 
2177 15 678 9932 7517 210 2617 3841 5966 3930 1612 3237 8539 196 9100 8719 6787 5796 3561 7903 
5069 4079 4807 3881 5060 7867 3 180 1507 9027 3290 3678 5485 9424 647 8114 512 6213 635 9804 
2043 5145 5426 1868 9101 2074 1843 9834 9648 2480 7736 3225 759 9663 4480 4302 3955 6514 17 4723 
796 868 8161 7895 3966 4464 711 1193 4514 7645 8094 3029 655 7042 810 6014 6288 1808 6141 3692 
7143 6671 2396 9143 2530 9545 238 6149 8910 439 8293 1569 6825 472 8736 4813 4925 9273 3887 7689 
3849 5874 6313 6676 2658 2925 3275 9025 3770 9340 2050 7694 9727 731 347 2034 520 1508 6920 7557 
940 4786 6518 5 2691 1656 3901 1494 3664 2738 7240 6297 4464 5100 6421 3856 9228 2546 8990 8896 
229 5752 4522 5800 9249 9003 3982 145 2640 3399 8104 455 7989 9451 7037 6728 961 7226 8513 7722 
6882 7427 5719 4817 76 2355 9978 9777 2310 409 940 8257 3193 2186 8316 225 20 7815 8045 3597 
8419 1436 8868 5027 4929 5242 4546 3073 5820 6663 1700 8146 968 5124 2167 3995 2183 271 2816 2368 
9703 9162 8299 7149 7964 5388 4161 1442 7744 7175 7936 8222 2392 1898 8566 2479 793 4951 8861 5017 
1995 6743 5790 7366 3708 6829 9007 3676 8360 8776 2270 8885 1672 6205 1523 3019 8696 4933 7057 3714 
589 6307 8638 6187 2407 6664 9748 5046 9844 586 4918 1479 4758 4307 150 6541 8117 2758 6550 6655 
2263 8935 8878 9303 943 923 4494 7956 1780 461 2436 2330 8116 3651 3024 9837 2393 448 3702 1518 
2202 604 2772 7717 2693 4561 117 2319 8604 2343 229 4826 5325 1874 2982 7391 8870 3610 6210 8687 
2457 9980 2770 6370 2348 9631 6318 1691 4053 793 1526 640 452 2675 4833 1928 2161 5546 2531 678 
2039 8696 5060 261 2289 8787 2591 7940 6501 9315 8024 9349 2046 1562 9266 7633 2238 5583 1632 606 
2403 8075 1978 483 2409 3688 1395 4186 8369 903 7432 3079 3921 6913 9483 9673 5675 2000 8289 2303 
4578 3999 872 8717 1339 6111 1870 4479 897 7595 1662 8381 3003 5502 860 7375 8977 9748 2339 4739 
7069 8799 4668 2013 511 1307 5986 7182 9620 8371 5556 1784 8007 1141 1882 5744 5512 131 9260 9061 
1133 5436 2528 1457 262 4651 9938 8670 6293 638 8200 2938 1790 1305 7286 8222 8395 2636 3248 1547 
499 5891 5215 4246 8620 5132 9462 8486 4750 5726 1621 6251 9914 3624 4397 913 3595 4392 2485 2742 
188 3661 1868 3848 2138 7791 7072 1778 7692 877 6766 6169 3536 2615 2987 4114 711 5118 979 5174 
5316 2296 7873 248 3905 361 8094 2470 5731 9198 508 1759 2350 1499 8581 8869 8268 3224 80 2706 
1610 2455 7157 4623 4500 9433 7168 8531 9970 1154 5083 8681 6786 378 5671 741 9465 3061 9563 4792 
8244 1909 289 3378 8004 9887 4236 2344 6409 5404 1103 5894 1358 1312 154 9590 2469 64 9254 5666 
1780 8047 3844 2054 3745 5034 4176 1210 1578 5590 7100 5646 2184 7126 1306 9046 2693 9937 1545 7721 
7803 7730 901 645 9535 4002 2152 6693 1534 3828 6709 246 8454 7055 1687 7446 9624 2466 1285 621 
461 3794 4120 209 5751 6119 4544 1237 2729 280 3876 1393 5305 900 1737 3896 8437 132 9126 661 
7396 5645 4037 5256 9231 8649 5387 4416 8399 6168 6396 41 3257 2739 1929 8296 6615 7458 2491 6212 
3048 3230 6949 4392 4012 9513 149 9766 4520 221 6635 1934 3537 7731 4477 1935 7511 6981 9610 5469 
4591 774 2109 484 8502 1168 1413 7132 4066 9773 3603 2957 8283 3082 1603 6853 7867 7162 5871 8936 
3937 1239 3664 7287 6748 670 7238 8084 1926 3723 1370 9445 8799 5442 834 9527 7196 9809 1349 4116 
2400 66 3376 9784 2761 7813 1032 1857 8590 6877 144 5877 2536 441 1549 3673 4366 2342 264 6991 
2501 1459 8340 8127 9399 470 8177 3001 4500 8605 5633 5753 9223 5400 7737 493 7739 149 9082 9891 
6749 683 5712 550 4787 7691 6746 2683 7037 4531 8539 5735 3419 1990 2240 5171 848 681 1252 7763 
8037 1182 7745 8723 993 3974 2423 2675 3096 963 9185 548 7921 4508 4054 6707 3164 373 2526 3318 
8723 3550 247 2421 1329 9098 5446 1643 2609 7571 369 7228 1288 3147 4588 1577 9173 5750 834 7714 
9480 4183 2663 828 3761 4345 8156 1891 8762 5087 1123 9217 3928 4077 2307 3408 2573 3016 8222 3244 
5762 1627 1185 4765 1268 9324 9883 3044 1308 1823 6178 9715 6163 9114 7651 674 6469 6248 4200 6367 
5142 4881 6047 1429 466 8089 8680 1617 2121 424 415 3089 9164 11 1483 8605 5313 986 8006 6491 
2717 8889 7631 2110 9346 2578 1244 6366 1558 4642 5411 2494 22 9251 4235 5642 3931 8699 6526 2687 
173 2755 6994 4464 2213 8874 8857 4165 8759 1387 149 2695 7568 5404 3104 1050 4924 9544 9051 9898 
5083 6784 981 9817 8052 6909 2207 2183 1531 6314 1741 1587 8320 9583 815 6993 392 1040 6865 6189 
1103 4696 928 1535 5037 9264 2014 4784 5721 5269 5640 6827 6412 7225 1606 2743 6344 8552 4370 1556 
2712 6941 29 8772 617 774 9854 477 6954 9398 3340 444 1536 9833 7311 1372 381 7357 2513 8743 
1490 8688 2395 1196 994 1652 6717 8401 633 1322 7486 6139 3004 4958 1989 5724 9747 1567 8903 7660 
1237 1362 2082 8187 7874 4935 5849 1365 2167 7708 1489 456 1678 2416 3051 8914 9284 5819 4484 4943 
1887 6044 6201 8481 4015 9268 8031 480 6387 257 3409 4853 3120 1021 5627 4465 8702 1816 3751 9155 
2276 1171 102 5706 7125 1055 4770 5000 5050 1077 4577 7080 2466 8295 4748 241 5127 7142 7297 3802 
2611 3286 9477 4081 3027 6991 8014 887 5691 4278 7809 1486 4826 1435 2711 5766 1136 1188 1526 7412 
909 6074 5405 2244 4427 97 8015 3249 6270 8686 7668 3010 7419 6309 4492 9239 4695 3489 2021 9012 
8513 2567 5471 2509 8323 5021 5182 1236 1173 5846 7952 1518 7251 593 4112 7196 6753 2692 474 9513 
3451 9603 223 6447 6737 6966 9259 1632 7939 329 1926 2497 8233 6149 6536 3785 9047 1279 4881 5435 
4399 1743 8264 4559 2247 4484 2113 4184 8124 3767 4484 7378 5991 2893 8620 714 8959 2113 9709 1667 
351 7393 746 4950 5610 3703 390 1513 1052 5163 681 8243 2131 342 4565 8415 5678 426 1258 6479 
1380 225 7526 900 985 2692 6945 3435 1100 2286 4121 1001 68 159 233 9306 5564 3124 7071 2070 
12 1687 190 566 2619 6787 1313 5141 2338 3932 3201 1146 3522 8188 6665 470 6073 432 8023 6025 
2641 7237 3126 9321 4073 6941 874 6758 5480 5990 1740 5399 3839 4237 1447 8793 6574 8206 850 1434 
7562 8880 5567 6273 6782 2991 2386 2192 511 5913 1718 8156 9988 1470 5245 4797 4358 1649 7431 9521 
4133 5860 1909 2693 6523 6259 7838 8647 8869 8176 5105 8630 8302 3679 1948 5435 4782 3650 9228 1276 
8564 9000 8326 525 9247 7633 4118 7466 8996 8261 7862 836 9995 5510 4674 4248 8138 4035 409 5798 
8534 9487 9430 2703 6519 7873 207 1536 8076 3933 2382 335 5039 2387 7951 7620 5146 8662 5737 2010 
9370 3584 7168 2198 1234 6932 3322 2231 6531 6676 7249 782 4299 1380 456 2576 7484 1071 6946 201 
9679 1288 7695 2164 824 4371 3896 2184 412 5638 3981 517 4640 2794 6317 1664 179 5798 7958 1755 
95 1662 9646 1320 4588 7847 6545 735 7014 1247 7499 3614 1232 7915 2296 5889 120 6081 970 5218 
3629 4391 2316 2482 46 1131 2245 9 6085 9764 3806 7035 6069 6537 3159 1692 1983 1025 4567 917 
7003 906 5939 2214 9605 4158 6737 9118 7670 1475 9949 7050 4149 4434 4860 2042 1373 6667 6159 106 
5137 5702 3978 8000 9469 1677 2086 2737 5998 3336 4819 425 2661 921 7842 7466 5832 7882 6690 3028 
5994 115 8649 727 4413 32 8086 5205 7716 306 773 7547 3213 6933 1170 913 3087 290 6689 784 
3073 2582 2717 9507 1436 531 288 4626 5105 629 179 1739 6461 1623 8086 3089 4860 6359 8050 922 
1484 1320 4765 1715 3124 3223 1502 2215 1332 3952 7041 7648 2110 9617 3261 7517 5158 735 3556 7204 
7847 5928 7579 9546 982 1225 779 2001 4554 577 4231 17 92 9045 5552 7483 4603 9093 2373 2985 
6387 1535 878 7242 639 7907 2106 6749 3437 9207 4968 9739 3106 988 7155 4314 2013 6976 3522 1887 
560 4597 2927 7956 2572 2881 2053 9050 8780 2744 144 1712 8213 7512 208 6197 8652 3971 4494 4139 
3656 5378 578 7789 9626 7767 2292 9618 2555 9764 3537 4354 3029 5706 3856 376 2964 597 4694 8873 
4782 8822 5223 4292 8384 1953 1310 4938 5835 2473 783 8496 9280 9816 6875 707 8616 1907 1491 907 
