2 2 3 3 3 4 5 6 7 8 9 9 9 10 11 
12 12 14 15 15 15 16 17 17 17 17 20 22 22 24 
24 25 26 27 27 28 28 29 30 30 31 32 32 34 39 
41 43 44 44 45 45 46 46 47 48 48 48 49 50 52 
52 54 55 56 56 57 58 59 60 62 62 64 66 66 67 
67 68 68 69 69 71 72 72 75 75 75 76 76 76 77 
80 80 81 82 83 84 85 86 88 92 92 93 93 94 95 
97 97 97 98 100 102 102 102 102 102 104 105 105 106 107 
108 108 111 112 112 113 115 116 116 117 117 120 121 121 121 
122 125 127 128 131 131 132 132 132 132 133 134 140 141 141 
142 143 144 144 145 146 149 149 149 150 150 150 150 150 151 
152 153 153 154 155 156 156 156 157 157 158 159 160 160 160 
161 163 163 164 165 165 166 168 169 172 173 173 173 173 175 
176 177 178 179 179 180 181 182 183 184 186 187 188 188 188 
190 191 191 192 194 196 196 196 197 197 198 199 199 201 201 
202 202 202 202 203 203 204 204 205 205 205 207 207 207 208 
208 209 210 211 212 214 216 218 219 220 221 221 223 223 224 
225 225 225 226 227 227 229 229 229 230 231 231 231 232 232 
232 233 235 235 236 236 237 237 238 238 241 241 241 241 244 
245 246 246 246 246 247 247 248 249 250 250 251 252 252 254 
255 257 257 257 259 259 260 260 260 260 260 261 262 264 264 
265 268 270 271 271 272 273 273 275 275 276 276 276 276 276 
277 277 279 280 280 281 281 282 283 288 288 289 289 290 290 
290 291 293 293 295 297 297 298 298 303 305 306 310 311 311 
311 312 313 313 314 314 314 314 314 315 316 316 318 319 320 
321 322 323 323 324 326 328 329 329 329 329 330 334 334 335 
335 336 337 337 337 340 340 342 342 343 343 344 344 345 346 
347 347 347 347 350 350 351 351 352 353 353 355 356 357 359 
359 360 361 362 363 364 364 365 366 367 368 369 370 370 370 
370 372 372 373 373 375 375 375 376 376 377 377 377 378 378 
380 380 381 382 382 387 387 387 387 388 388 390 390 392 392 
394 395 395 397 397 398 398 399 400 401 402 404 405 406 408 
409 409 409 409 412 415 416 416 417 417 418 420 420 421 421 
421 423 423 423 424 424 424 425 426 426 426 431 432 432 432 
434 435 437 437 438 439 439 439 441 441 443 444 448 448 449 
449 450 451 451 451 452 452 452 452 453 454 454 454 454 455 
455 456 456 456 457 457 457 457 458 460 461 461 462 462 462 
464 464 465 466 467 467 467 468 469 470 470 470 471 471 472 
474 475 475 477 478 479 479 480 482 482 482 483 483 484 485 
486 487 487 488 490 491 491 493 493 493 495 496 496 498 499 
501 502 503 505 505 505 506 508 508 508 508 509 510 510 511 
511 511 511 512 512 513 514 514 515 516 517 519 520 521 521 
521 523 524 525 525 526 526 529 529 530 530 531 531 531 532 
532 533 534 534 535 538 538 539 541 542 543 544 544 545 548 
549 550 551 551 554 555 556 557 558 559 560 560 560 560 561 
561 561 566 566 566 567 568 568 570 571 571 572 573 573 577 
577 577 578 579 579 580 580 580 582 583 583 583 584 586 586 
586 587 588 588 589 589 590 591 592 592 593 594 596 597 597 
598 598 599 599 599 600 601 602 602 602 603 603 603 604 604 
606 607 609 612 613 616 617 617 618 621 621 624 625 628 629 
629 629 629 631 631 631 632 633 633 634 634 635 635 636 637 
638 638 638 638 638 639 639 640 642 643 644 644 645 645 646 
647 647 650 652 652 652 654 654 655 655 655 655 656 657 659 
659 659 660 661 662 662 664 665 665 666 668 669 670 670 670 
670 671 672 672 672 673 674 674 676 677 677 678 678 680 681 
681 681 682 682 683 683 683 684 684 684 687 687 688 688 688 
689 689 691 691 694 695 696 697 698 698 699 700 704 705 707 
707 709 711 711 713 714 716 716 718 718 719 720 721 721 722 
722 722 723 723 724 726 727 727 728 728 729 729 731 732 733 
733 735 735 736 738 738 741 741 742 744 745 745 745 746 748 
748 748 752 752 752 754 755 756 758 758 759 761 763 764 766 
766 767 769 770 772 773 773 774 774 774 774 774 778 779 780 
781 782 782 783 784 784 784 785 786 786 787 788 788 789 790 
790 790 790 793 793 793 794 796 796 797 797 797 798 798 798 
802 802 803 803 806 808 810 810 811 811 812 812 812 812 813 
815 816 816 816 817 818 819 820 820 822 822 823 824 827 828 
828 830 831 832 833 834 834 834 834 834 834 835 835 835 835 
836 837 837 842 844 845 846 846 847 847 847 848 848 848 850 
850 850 851 852 852 853 854 855 855 855 855 857 857 859 859 
859 859 860 862 862 864 864 865 866 867 868 870 872 874 875 
875 877 877 877 877 878 879 882 882 882 883 884 884 884 887 
888 888 890 890 890 892 892 892 892 892 893 894 896 896 896 
897 897 898 898 899 900 900 900 900 901 902 902 903 903 903 
903 904 904 904 906 906 906 907 907 908 909 912 912 913 913 
913 913 915 916 917 917 918 920 921 921 921 922 923 923 924 
924 926 928 928 929 929 932 936 936 936 939 939 940 940 940 
940 940 941 941 942 942 943 947 948 948 948 949 950 950 952 
956 956 958 959 961 961 961 963 965 965 966 968 969 970 970 
971 972 972 975 977 979 979 981 981 981 982 982 985 985 986 
986 986 988 988 989 989 990 990 991 992 993 994 994 994 996 
997 997 997 997 998 998 998 999 1000 1000 1000 1000 1001 1002 1004 
1004 1005 1005 1005 1007 1010 1012 1012 1015 1016 1017 1018 1018 1018 1018 
1019 1021 1022 1025 1027 1028 1029 1029 1032 1032 1033 1033 1034 1035 1035 
1036 1040 1041 1042 1044 1045 1046 1048 1050 1050 1050 1052 1052 1053 1053 
1054 1055 1055 1057 1057 1058 1058 1058 1058 1059 1062 1063 1065 1067 1068 
1069 1071 1071 1072 1074 1074 1074 1075 1075 1077 1077 1078 1078 1080 1082 
1082 1083 1084 1084 1086 1087 1088 1088 1089 1090 1090 1091 1093 1094 1095 
1095 1096 1099 1100 1100 1103 1103 1103 1104 1105 1105 1107 1108 1108 1108 
1109 1109 1112 1113 1113 1113 1113 1114 1114 1115 1115 1115 1117 1118 1118 
1119 1121 1121 1121 1122 1122 1122 1123 1123 1123 1123 1125 1125 1125 1127 
1128 1128 1130 1130 1131 1131 1133 1133 1134 1134 1135 1136 1136 1137 1137 
1138 1138 1138 1139 1141 1141 1141 1142 1144 1144 1144 1144 1146 1146 1146 
1149 1150 1151 1152 1152 1153 1154 1154 1157 1162 1165 1165 1165 1166 1166 
1166 1167 1167 1167 1168 1168 1169 1169 1170 1171 1171 1171 1171 1172 1172 
1173 1174 1174 1175 1175 1180 1181 1182 1182 1183 1185 1185 1186 1186 1187 
1187 1188 1188 1189 1191 1193 1193 1193 1193 1195 1196 1196 1196 1200 1201 
1201 1204 1206 1207 1210 1210 1210 1211 1211 1213 1215 1215 1215 1219 1219 
1219 1221 1221 1221 1222 1223 1224 1225 1225 1225 1225 1225 1227 1227 1228 
1228 1228 1228 1229 1229 1230 1231 1232 1232 1232 1232 1232 1233 1233 1234 
1236 1236 1237 1237 1237 1237 1238 1239 1239 1241 1244 1245 1245 1246 1247 
1247 1247 1247 1248 1249 1251 1251 1252 1252 1253 1253 1254 1254 1255 1258 
1258 1258 1259 1261 1263 1264 1265 1265 1267 1268 1268 1268 1268 1268 1269 
1269 1269 1270 1272 1273 1274 1274 1275 1275 1276 1276 1277 1278 1278 1278 
1279 1279 1281 1282 1283 1285 1285 1285 1287 1287 1288 1288 1288 1291 1292 
1295 1295 1296 1297 1297 1298 1299 1300 1300 1301 1301 1302 1302 1304 1304 
1304 1305 1305 1306 1306 1306 1307 1308 1308 1310 1310 1311 1312 1312 1313 
1313 1313 1314 1315 1316 1317 1318 1319 1320 1320 1322 1324 1326 1326 1327 
1327 1329 1330 1330 1331 1331 1332 1334 1334 1335 1335 1336 1336 1336 1337 
1337 1339 1341 1341 1341 1343 1344 1344 1345 1345 1347 1347 1348 1349 1349 
1349 1349 1350 1351 1353 1354 1357 1358 1358 1359 1359 1359 1359 1359 1360 
1361 1361 1362 1364 1364 1365 1367 1367 1367 1369 1370 1370 1372 1372 1373 
1373 1374 1375 1377 1378 1379 1380 1380 1380 1381 1381 1382 1382 1382 1383 
1383 1384 1385 1386 1387 1388 1388 1389 1389 1390 1391 1393 1393 1394 1395 
1395 1396 1396 1401 1402 1406 1407 1407 1409 1410 1411 1412 1413 1413 1414 
1415 1415 1416 1419 1420 1421 1422 1423 1423 1424 1425 1426 1427 1429 1430 
1431 1434 1434 1434 1435 1436 1436 1436 1437 1438 1438 1439 1441 1441 1441 
1442 1442 1444 1445 1445 1445 1445 1446 1447 1448 1448 1448 1448 1449 1450 
1451 1452 1452 1452 1453 1454 1455 1456 1456 1457 1457 1458 1458 1459 1459 
1460 1462 1463 1464 1465 1465 1466 1467 1468 1468 1469 1469 1469 1470 1471 
1471 1471 1472 1472 1472 1472 1475 1475 1476 1476 1476 1477 1477 1478 1479 
1479 1481 1483 1484 1485 1486 1486 1486 1486 1486 1487 1488 1488 1488 1488 
1489 1489 1489 1490 1491 1491 1492 1494 1495 1495 1497 1497 1498 1498 1498 
1499 1499 1499 1499 1502 1503 1503 1504 1504 1504 1505 1505 1506 1507 1508 
1508 1510 1512 1512 1513 1518 1518 1518 1519 1520 1521 1522 1523 1524 1524 
1524 1525 1525 1525 1526 1526 1526 1526 1527 1528 1528 1529 1529 1529 1529 
1530 1531 1532 1532 1532 1532 1534 1535 1535 1536 1536 1537 1538 1540 1542 
1543 1544 1544 1545 1545 1546 1547 1548 1549 1551 1552 1553 1553 1553 1554 
1555 1555 1555 1556 1557 1558 1558 1558 1558 1562 1562 1563 1563 1564 1565 
1565 1566 1567 1567 1567 1569 1569 1569 1569 1569 1570 1571 1572 1573 1573 
1574 1575 1576 1576 1576 1576 1577 1577 1577 1577 1578 1579 1579 1580 1581 
1585 1585 1585 1586 1587 1587 1587 1587 1588 1588 1590 1593 1593 1594 1595 
1598 1598 1600 1600 1602 1603 1603 1604 1604 1605 1605 1606 1606 1608 1609 
1610 1610 1610 1612 1614 1616 1616 1617 1617 1618 1619 1620 1621 1622 1623 
1624 1625 1626 1626 1627 1627 1631 1632 1632 1632 1632 1632 1634 1634 1635 
1636 1637 1637 1640 1641 1643 1644 1646 1649 1649 1649 1649 1651 1651 1652 
1652 1654 1655 1656 1657 1658 1658 1660 1660 1660 1662 1662 1663 1663 1664 
1666 1667 1667 1667 1668 1670 1670 1672 1672 1673 1674 1674 1675 1675 1675 
1675 1675 1676 1676 1676 1676 1677 1678 1678 1679 1679 1680 1681 1681 1683 
1684 1687 1687 1687 1688 1688 1690 1691 1692 1694 1694 1694 1695 1697 1698 
1698 1698 1698 1699 1699 1699 1699 1700 1700 1701 1701 1701 1702 1708 1711 
1711 1712 1712 1712 1713 1714 1714 1714 1715 1715 1716 1716 1717 1717 1718 
1718 1719 1719 1722 1725 1726 1728 1728 1730 1730 1731 1735 1735 1737 1737 
1738 1739 1740 1740 1740 1740 1741 1741 1741 1742 1743 1744 1744 1744 1745 
1745 1747 1751 1751 1752 1754 1755 1755 1756 1756 1756 1757 1758 1758 1758 
1758 1758 1758 1759 1759 1760 1761 1762 1762 1763 1763 1763 1765 1768 1769 
1770 1770 1771 1771 1773 1773 1774 1775 1775 1775 1778 1778 1779 1780 1780 
1780 1781 1781 1781 1783 1784 1788 1788 1789 1790 1795 1795 1795 1796 1796 
1797 1797 1799 1799 1801 1802 1806 1806 1806 1807 1808 1811 1812 1813 1813 
1815 1816 1816 1817 1819 1819 1823 1823 1825 1825 1825 1827 1828 1828 1829 
1830 1831 1833 1834 1836 1836 1837 1838 1840 1840 1842 1843 1843 1844 1846 
1846 1848 1849 1850 1851 1851 1852 1853 1855 1855 1856 1857 1858 1858 1861 
1861 1862 1862 1864 1865 1865 1866 1866 1868 1868 1868 1868 1869 1869 1870 
1871 1872 1873 1874 1874 1875 1875 1876 1877 1877 1878 1879 1880 1880 1881 
1882 1883 1883 1884 1884 1886 1887 1887 1888 1888 1889 1889 1891 1892 1894 
1896 1898 1898 1899 1899 1899 1900 1900 1902 1902 1903 1905 1906 1907 1907 
1909 1909 1909 1909 1910 1911 1912 1913 1914 1916 1916 1917 1917 1917 1918 
1918 1919 1920 1920 1922 1922 1923 1925 1925 1926 1926 1927 1927 1927 1927 
1927 1928 1928 1929 1929 1929 1933 1934 1935 1936 1939 1940 1940 1940 1943 
1946 1947 1948 1949 1949 1949 1950 1950 1951 1951 1952 1952 1952 1953 1954 
1955 1958 1959 1959 1959 1961 1961 1964 1964 1966 1966 1967 1967 1967 1967 
1970 1970 1973 1975 1975 1977 1978 1979 1979 1980 1982 1982 1983 1983 1984 
1986 1987 1987 1989 1990 1991 1991 1992 1992 1993 1993 1994 1994 1995 1995 
1997 2000 2000 2001 2001 2003 2005 2005 2006 2009 2010 2010 2010 2011 2011 
2012 2013 2013 2013 2014 2014 2015 2016 2017 2017 2018 2020 2020 2020 2021 
2024 2026 2027 2028 2028 2032 2033 2034 2035 2035 2035 2036 2036 2039 2040 
2040 2041 2042 2042 2043 2043 2044 2044 2045 2045 2046 2047 2047 2047 2048 
2048 2048 2048 2048 2048 2049 2050 2050 2052 2052 2052 2053 2054 2054 2058 
2059 2059 2061 2062 2063 2065 2065 2066 2067 2068 2068 2069 2069 2069 2070 
2070 2071 2071 2072 2072 2073 2073 2074 2075 2076 2076 2076 2077 2077 2078 
2078 2078 2079 2079 2079 2081 2082 2082 2083 2085 2086 2086 2087 2087 2089 
2091 2091 2092 2095 2095 2096 2097 2097 2098 2099 2099 2100 2101 2104 2106 
2106 2106 2106 2106 2108 2108 2109 2109 2109 2110 2110 2111 2111 2112 2113 
2113 2113 2114 2116 2117 2118 2118 2120 2121 2121 2123 2124 2124 2124 2125 
2126 2126 2126 2127 2129 2131 2132 2134 2135 2136 2138 2139 2139 2139 2140 
2140 2141 2142 2142 2143 2145 2145 2145 2145 2147 2147 2149 2150 2150 2152 
2153 2153 2153 2154 2154 2155 2155 2156 2159 2159 2159 2159 2160 2161 2161 
2161 2162 2162 2163 2163 2164 2165 2166 2167 2167 2167 2167 2167 2168 2169 
2171 2172 2172 2172 2172 2177 2177 2178 2183 2183 2184 2184 2184 2186 2186 
2186 2187 2187 2188 2189 2189 2191 2191 2192 2193 2193 2194 2195 2198 2198 
2199 2199 2199 2200 2201 2201 2202 2202 2203 2204 2204 2205 2205 2207 2207 
2208 2208 2210 2212 2212 2212 2213 2213 2213 2214 2214 2214 2215 2216 2216 
2217 2218 2219 2219 2220 2220 2222 2223 2224 2224 2224 2225 2225 2226 2229 
2229 2230 2230 2230 2231 2231 2232 2233 2234 2234 2238 2239 2240 2240 2240 
2242 2243 2244 2244 2244 2244 2245 2246 2246 2247 2247 2248 2249 2249 2251 
2251 2252 2253 2256 2256 2256 2260 2261 2262 2263 2263 2264 2267 2267 2268 
2268 2270 2270 2270 2273 2274 2274 2274 2275 2276 2276 2276 2276 2277 2277 
2277 2278 2279 2280 2281 2282 2282 2282 2282 2284 2286 2286 2287 2288 2288 
2289 2289 2291 2291 2291 2292 2292 2293 2293 2294 2295 2295 2295 2296 2296 
2296 2298 2300 2300 2300 2302 2303 2303 2306 2307 2308 2309 2309 2309 2310 
2310 2310 2311 2313 2314 2315 2316 2317 2319 2322 2322 2322 2322 2323 2323 
2323 2324 2325 2325 2326 2326 2326 2327 2327 2328 2328 2329 2329 2330 2330 
2331 2331 2333 2334 2334 2335 2335 2336 2338 2339 2339 2339 2339 2341 2342 
2343 2344 2344 2344 2345 2345 2346 2347 2347 2348 2348 2350 2350 2351 2353 
2354 2355 2355 2355 2355 2357 2358 2358 2359 2359 2362 2363 2363 2366 2366 
2368 2368 2371 2372 2372 2373 2373 2374 2374 2375 2375 2375 2377 2379 2379 
2382 2382 2382 2383 2383 2383 2384 2384 2385 2385 2385 2386 2386 2387 2387 
2388 2388 2388 2389 2389 2392 2393 2393 2393 2394 2394 2395 2396 2396 2396 
2397 2397 2398 2398 2398 2399 2400 2400 2403 2404 2405 2406 2406 2407 2407 
2408 2408 2409 2409 2410 2410 2411 2412 2415 2415 2415 2415 2415 2416 2417 
2418 2418 2418 2419 2420 2421 2422 2422 2423 2423 2423 2424 2424 2425 2425 
2426 2426 2429 2429 2429 2430 2431 2431 2432 2433 2433 2436 2436 2437 2437 
2438 2440 2440 2440 2441 2441 2444 2444 2446 2447 2448 2450 2453 2453 2455 
2457 2458 2459 2461 2462 2463 2465 2466 2466 2466 2467 2468 2469 2469 2470 
2470 2471 2473 2474 2474 2474 2474 2476 2477 2478 2478 2479 2479 2480 2480 
2481 2481 2482 2482 2483 2483 2483 2484 2484 2485 2485 2486 2486 2488 2490 
2491 2491 2491 2491 2493 2494 2495 2496 2497 2498 2501 2501 2501 2502 2505 
2505 2506 2508 2509 2509 2509 2510 2511 2513 2513 2513 2514 2514 2516 2518 
2520 2521 2524 2524 2525 2526 2526 2526 2526 2527 2528 2528 2529 2530 2530 
2530 2531 2531 2531 2534 2536 2536 2537 2540 2541 2541 2541 2545 2546 2548 
2549 2550 2552 2552 2555 2556 2556 2559 2561 2562 2566 2567 2567 2567 2569 
2569 2571 2571 2571 2572 2572 2573 2573 2574 2574 2574 2574 2576 2578 2578 
2581 2582 2582 2583 2583 2584 2585 2585 2586 2587 2588 2588 2589 2590 2591 
2591 2592 2594 2594 2594 2595 2596 2596 2596 2598 2598 2599 2601 2601 2604 
2607 2608 2609 2609 2610 2611 2611 2613 2613 2615 2615 2616 2617 2618 2619 
2619 2619 2621 2622 2624 2624 2624 2625 2627 2628 2629 2630 2631 2633 2634 
2636 2636 2636 2636 2636 2636 2638 2640 2640 2641 2641 2641 2641 2643 2644 
2644 2645 2646 2647 2647 2647 2648 2648 2648 2650 2650 2650 2654 2655 2656 
2657 2658 2658 2658 2659 2659 2659 2659 2661 2661 2662 2663 2665 2665 2666 
2667 2667 2668 2670 2672 2672 2673 2675 2675 2675 2676 2676 2677 2678 2678 
2679 2679 2679 2683 2683 2683 2685 2685 2685 2687 2690 2691 2691 2691 2692 
2692 2692 2692 2693 2693 2693 2693 2694 2695 2695 2696 2698 2699 2702 2702 
2703 2704 2704 2705 2706 2706 2706 2706 2706 2709 2711 2711 2712 2712 2713 
2713 2714 2716 2717 2717 2717 2717 2717 2718 2718 2719 2719 2720 2721 2722 
2725 2725 2725 2726 2727 2727 2728 2728 2728 2729 2729 2730 2732 2733 2734 
2734 2735 2735 2737 2737 2737 2738 2739 2740 2741 2742 2743 2743 2744 2744 
2745 2745 2745 2745 2745 2749 2749 2749 2750 2750 2750 2752 2753 2754 2754 
2754 2755 2756 2757 2758 2759 2760 2761 2761 2762 2763 2764 2765 2766 2767 
2768 2769 2770 2771 2771 2772 2772 2772 2774 2776 2776 2777 2779 2781 2782 
2782 2783 2786 2787 2788 2788 2788 2789 2793 2793 2793 2794 2795 2797 2798 
2799 2800 2801 2801 2804 2805 2807 2808 2809 2810 2812 2813 2814 2816 2817 
2817 2817 2819 2823 2824 2825 2825 2826 2826 2828 2828 2836 2836 2837 2837 
2838 2838 2838 2840 2842 2844 2845 2846 2846 2848 2850 2851 2852 2852 2854 
2855 2857 2858 2861 2862 2863 2863 2864 2865 2867 2868 2870 2871 2873 2874 
2874 2874 2881 2882 2882 2886 2887 2887 2887 2888 2891 2893 2893 2897 2899 
2900 2900 2901 2902 2904 2905 2905 2906 2906 2906 2906 2907 2908 2908 2908 
2910 2912 2912 2913 2915 2916 2917 2920 2920 2921 2922 2923 2924 2925 2925 
2925 2927 2927 2930 2931 2931 2933 2935 2935 2936 2938 2939 2940 2943 2948 
2951 2954 2954 2954 2955 2956 2956 2957 2957 2959 2961 2961 2962 2963 2964 
2964 2966 2967 2967 2968 2969 2970 2970 2970 2972 2973 2973 2973 2973 2975 
2977 2978 2980 2981 2982 2982 2983 2983 2985 2986 2987 2988 2989 2990 2991 
2993 2994 2994 2995 3001 3001 3003 3003 3004 3004 3004 3004 3006 3007 3007 
3010 3013 3014 3015 3016 3016 3016 3016 3016 3017 3017 3017 3019 3021 3022 
3024 3024 3024 3025 3027 3028 3028 3029 3029 3031 3032 3034 3034 3035 3037 
3037 3037 3038 3042 3044 3044 3046 3046 3047 3047 3048 3051 3053 3054 3054 
3054 3054 3056 3056 3056 3056 3058 3058 3059 3060 3060 3061 3062 3063 3063 
3064 3064 3065 3066 3067 3068 3069 3071 3071 3073 3073 3073 3075 3076 3079 
3081 3081 3081 3081 3082 3082 3084 3084 3087 3088 3089 3089 3090 3090 3091 
3092 3092 3092 3094 3095 3096 3096 3098 3098 3101 3102 3103 3103 3104 3104 
3105 3105 3105 3106 3106 3106 3109 3110 3110 3112 3112 3113 3114 3114 3116 
3119 3120 3122 3122 3124 3124 3124 3124 3124 3125 3126 3128 3129 3131 3132 
3132 3133 3136 3137 3138 3139 3139 3141 3142 3142 3143 3145 3147 3147 3148 
3150 3150 3151 3152 3153 3153 3154 3155 3158 3158 3159 3162 3164 3169 3171 
3171 3171 3172 3173 3173 3174 3175 3176 3177 3180 3180 3181 3182 3183 3183 
3184 3185 3186 3188 3188 3188 3190 3190 3190 3191 3192 3193 3195 3195 3195 
3199 3201 3201 3203 3206 3207 3207 3208 3209 3210 3212 3213 3213 3213 3220 
3220 3222 3223 3223 3224 3224 3225 3226 3228 3229 3230 3231 3235 3235 3237 
3239 3240 3241 3241 3242 3242 3244 3245 3247 3247 3248 3249 3249 3250 3251 
3252 3257 3259 3261 3265 3265 3266 3267 3269 3269 3272 3275 3275 3277 3278 
3278 3279 3279 3281 3283 3283 3284 3285 3286 3287 3289 3290 3290 3290 3292 
3293 3293 3294 3294 3297 3298 3299 3300 3301 3301 3304 3305 3305 3305 3306 
3308 3309 3315 3317 3318 3318 3319 3319 3322 3324 3325 3326 3327 3330 3331 
3332 3334 3336 3339 3339 3339 3339 3340 3340 3341 3342 3344 3345 3345 3345 
3348 3348 3351 3352 3353 3353 3357 3359 3359 3360 3360 3363 3363 3363 3363 
3363 3370 3372 3372 3373 3375 3375 3376 3377 3377 3378 3378 3379 3379 3381 
3382 3383 3384 3385 3387 3387 3389 3390 3393 3396 3396 3396 3397 3398 3398 
3399 3400 3400 3402 3402 3405 3406 3408 3409 3410 3411 3411 3412 3412 3413 
3417 3418 3418 3418 3418 3419 3419 3419 3419 3420 3421 3422 3423 3425 3426 
3426 3428 3428 3433 3433 3435 3435 3437 3437 3438 3439 3440 3441 3441 3443 
3444 3444 3445 3445 3445 3446 3446 3447 3448 3448 3449 3451 3455 3456 3456 
3457 3458 3459 3460 3460 3461 3461 3463 3464 3464 3465 3465 3469 3470 3471 
3473 3473 3475 3476 3478 3480 3481 3481 3483 3483 3484 3485 3485 3486 3488 
3489 3489 3489 3490 3492 3492 3493 3497 3498 3501 3505 3509 3512 3512 3512 
3513 3513 3514 3516 3521 3522 3522 3522 3522 3522 3523 3524 3527 3528 3528 
3529 3530 3531 3536 3536 3537 3537 3537 3539 3539 3542 3543 3543 3544 3545 
3545 3546 3546 3547 3547 3547 3547 3548 3550 3550 3550 3551 3551 3551 3551 
3552 3553 3554 3556 3557 3559 3559 3560 3561 3562 3564 3565 3569 3570 3571 
3572 3573 3574 3574 3574 3575 3579 3579 3581 3584 3585 3586 3587 3591 3591 
3592 3592 3593 3593 3595 3595 3595 3597 3599 3599 3600 3600 3603 3603 3604 
3605 3606 3606 3608 3609 3610 3610 3611 3613 3614 3615 3616 3616 3616 3617 
3618 3619 3621 3624 3625 3626 3628 3629 3629 3631 3631 3632 3633 3634 3636 
3637 3641 3641 3642 3643 3645 3645 3649 3650 3651 3651 3651 3651 3654 3656 
3658 3659 3661 3664 3664 3664 3664 3669 3671 3671 3673 3674 3675 3676 3676 
3676 3677 3678 3678 3678 3679 3679 3680 3680 3680 3680 3682 3684 3688 3688 
3691 3692 3692 3694 3695 3695 3696 3699 3702 3703 3703 3705 3705 3705 3706 
3708 3710 3711 3713 3714 3717 3717 3717 3717 3717 3717 3719 3723 3725 3727 
3730 3731 3733 3735 3737 3742 3742 3743 3743 3744 3745 3747 3748 3748 3748 
3750 3750 3750 3751 3751 3752 3754 3756 3757 3759 3760 3761 3761 3765 3766 
3767 3769 3770 3770 3773 3773 3777 3778 3778 3780 3785 3785 3785 3786 3787 
3788 3790 3792 3792 3794 3795 3798 3800 3801 3802 3802 3803 3803 3804 3806 
3808 3808 3810 3813 3814 3815 3815 3817 3818 3819 3820 3822 3822 3823 3826 
3827 3828 3828 3828 3830 3833 3837 3837 3837 3839 3840 3840 3841 3841 3841 
3841 3844 3844 3845 3848 3848 3849 3849 3850 3850 3851 3851 3852 3852 3854 
3855 3855 3855 3856 3856 3858 3859 3862 3863 3863 3864 3867 3867 3868 3870 
3876 3876 3878 3879 3881 3883 3884 3885 3887 3887 3890 3890 3891 3896 3896 
3896 3897 3897 3900 3901 3901 3901 3902 3905 3906 3907 3908 3909 3910 3910 
3913 3913 3913 3913 3915 3915 3915 3916 3917 3920 3921 3924 3924 3924 3928 
3928 3929 3929 3929 3930 3931 3932 3933 3933 3933 3935 3935 3937 3939 3941 
3943 3948 3951 3951 3952 3952 3953 3954 3954 3955 3955 3955 3956 3958 3958 
3959 3960 3963 3964 3964 3965 3965 3966 3967 3968 3969 3969 3970 3971 3973 
3974 3974 3978 3978 3979 3979 3980 3981 3981 3982 3982 3982 3984 3987 3989 
3991 3991 3991 3992 3993 3993 3995 3995 3996 3997 3997 3999 4002 4002 4003 
4003 4008 4009 4009 4012 4015 4015 4018 4022 4023 4023 4023 4024 4025 4025 
4028 4028 4028 4028 4030 4031 4031 4032 4033 4034 4034 4035 4037 4037 4040 
4041 4044 4044 4045 4045 4045 4045 4045 4046 4047 4048 4048 4050 4050 4051 
4051 4053 4054 4054 4055 4057 4060 4061 4061 4063 4063 4064 4066 4066 4068 
4070 4072 4073 4073 4074 4074 4074 4075 4076 4077 4079 4081 4084 4087 4088 
4090 4091 4096 4097 4098 4104 4109 4109 4111 4111 4111 4112 4112 4112 4113 
4113 4114 4115 4116 4116 4116 4117 4118 4120 4121 4123 4124 4126 4128 4129 
4133 4133 4133 4133 4134 4135 4135 4135 4137 4137 4137 4137 4138 4138 4139 
4139 4139 4140 4140 4141 4141 4142 4147 4147 4147 4148 4148 4149 4151 4153 
4153 4155 4156 4158 4160 4161 4163 4163 4165 4166 4166 4167 4167 4168 4169 
4173 4175 4176 4176 4177 4177 4177 4178 4178 4179 4179 4180 4180 4181 4181 
4182 4182 4183 4183 4184 4185 4185 4186 4187 4190 4192 4193 4194 4200 4200 
4200 4201 4201 4201 4207 4207 4209 4210 4210 4211 4213 4214 4216 4220 4222 
4225 4226 4230 4231 4233 4235 4235 4236 4237 4239 4240 4240 4241 4242 4243 
4245 4245 4245 4246 4248 4248 4250 4252 4253 4254 4254 4261 4264 4264 4264 
4266 4266 4266 4267 4268 4269 4271 4273 4274 4278 4279 4280 4282 4286 4287 
4287 4289 4292 4292 4293 4293 4299 4299 4300 4300 4300 4302 4302 4303 4304 
4306 4307 4307 4312 4314 4315 4316 4317 4318 4318 4320 4321 4323 4323 4324 
4324 4325 4326 4327 4327 4328 4332 4332 4333 4334 4334 4338 4342 4342 4342 
4342 4344 4345 4346 4347 4347 4348 4350 4351 4354 4354 4356 4356 4357 4358 
4358 4358 4359 4359 4361 4362 4362 4365 4365 4365 4366 4367 4367 4368 4368 
4370 4370 4371 4371 4372 4373 4376 4377 4378 4381 4382 4382 4383 4384 4386 
4386 4387 4388 4388 4388 4388 4389 4390 4390 4391 4391 4391 4392 4392 4392 
4393 4395 4396 4396 4397 4399 4399 4399 4399 4400 4402 4406 4406 4406 4406 
4407 4408 4409 4410 4411 4413 4414 4416 4417 4419 4420 4420 4420 4424 4425 
4425 4425 4426 4426 4427 4429 4433 4434 4434 4436 4437 4437 4438 4439 4439 
4440 4443 4445 4445 4445 4447 4447 4451 4452 4452 4454 4456 4456 4456 4459 
4459 4460 4461 4463 4463 4464 4464 4464 4464 4465 4465 4465 4468 4469 4469 
4471 4472 4477 4478 4478 4479 4479 4480 4481 4483 4483 4484 4484 4484 4486 
4486 4489 4489 4489 4490 4490 4490 4492 4493 4494 4494 4494 4496 4497 4497 
4500 4500 4500 4503 4506 4506 4508 4509 4510 4510 4510 4511 4511 4511 4514 
4514 4516 4517 4520 4522 4522 4522 4522 4522 4526 4528 4529 4530 4531 4532 
4533 4533 4534 4535 4536 4536 4537 4537 4538 4538 4538 4541 4541 4541 4542 
4543 4544 4544 4546 4546 4546 4547 4547 4548 4552 4554 4554 4556 4556 4558 
4559 4559 4559 4560 4560 4561 4563 4563 4564 4565 4567 4569 4569 4571 4572 
4572 4575 4575 4577 4577 4578 4579 4581 4581 4582 4586 4586 4587 4587 4588 
4588 4588 4589 4591 4591 4592 4594 4594 4596 4597 4597 4598 4602 4603 4604 
4604 4604 4605 4606 4611 4612 4613 4615 4615 4615 4616 4618 4620 4621 4623 
4624 4624 4624 4625 4625 4625 4626 4627 4630 4630 4631 4636 4637 4638 4640 
4642 4642 4642 4643 4643 4645 4646 4647 4650 4651 4651 4651 4654 4655 4657 
4659 4660 4660 4661 4662 4662 4663 4664 4664 4664 4665 4665 4667 4668 4670 
4672 4673 4674 4674 4676 4677 4677 4679 4680 4681 4683 4683 4684 4688 4688 
4689 4689 4690 4692 4693 4694 4695 4695 4696 4696 4698 4699 4700 4701 4702 
4704 4706 4706 4708 4709 4709 4710 4711 4711 4712 4715 4716 4716 4717 4717 
4721 4723 4723 4724 4725 4728 4729 4730 4730 4734 4734 4734 4735 4735 4735 
4739 4739 4743 4743 4746 4748 4748 4748 4749 4749 4749 4749 4750 4752 4752 
4754 4754 4754 4756 4757 4758 4759 4760 4760 4761 4762 4762 4765 4765 4768 
4770 4770 4771 4773 4776 4776 4776 4777 4777 4777 4779 4780 4780 4781 4782 
4782 4782 4782 4783 4783 4784 4784 4786 4786 4786 4786 4787 4788 4788 4790 
4791 4792 4792 4793 4793 4795 4796 4797 4799 4799 4799 4801 4802 4803 4804 
4804 4805 4805 4807 4807 4808 4809 4812 4812 4813 4813 4814 4817 4817 4818 
4819 4820 4821 4822 4822 4824 4826 4826 4827 4827 4829 4831 4832 4833 4833 
4833 4833 4834 4837 4837 4838 4841 4841 4843 4843 4846 4848 4849 4850 4852 
4853 4854 4854 4856 4856 4860 4860 4860 4860 4861 4865 4867 4867 4868 4868 
4870 4870 4874 4877 4877 4878 4880 4881 4881 4882 4888 4890 4890 4893 4894 
4895 4896 4898 4898 4898 4899 4900 4903 4903 4905 4906 4907 4908 4909 4910 
4910 4910 4910 4912 4914 4916 4917 4918 4918 4924 4925 4925 4928 4928 4929 
4929 4933 4934 4934 4935 4935 4937 4938 4938 4938 4940 4941 4941 4942 4942 
4942 4943 4943 4944 4944 4944 4945 4947 4949 4949 4950 4950 4951 4951 4951 
4953 4954 4955 4958 4958 4959 4961 4963 4964 4968 4969 4970 4971 4973 4975 
4975 4977 4978 4978 4980 4980 4983 4983 4984 4985 4987 4987 4988 4991 4991 
4993 4997 4998 4998 4998 4999 4999 5000 5000 5002 5003 5005 5005 5006 5007 
5009 5010 5012 5012 5014 5014 5015 5017 5017 5018 5019 5019 5020 5020 5021 
5021 5022 5023 5023 5023 5025 5025 5026 5026 5027 5030 5031 5031 5034 5034 
5035 5035 5036 5037 5037 5037 5039 5039 5043 5046 5048 5048 5050 5051 5052 
5052 5054 5055 5055 5058 5059 5060 5060 5061 5061 5063 5063 5064 5065 5067 
5067 5069 5069 5069 5069 5070 5074 5074 5075 5075 5075 5076 5077 5077 5078 
5079 5080 5082 5083 5083 5083 5084 5084 5084 5086 5086 5087 5087 5088 5090 
5090 5091 5091 5092 5095 5096 5097 5097 5100 5101 5101 5103 5105 5105 5105 
5106 5106 5108 5108 5109 5110 5111 5112 5112 5113 5114 5114 5115 5118 5118 
5118 5119 5122 5123 5123 5123 5124 5126 5127 5129 5132 5135 5137 5137 5138 
5138 5141 5141 5141 5142 5145 5145 5146 5146 5149 5150 5152 5155 5156 5156 
5157 5158 5159 5160 5160 5161 5162 5163 5163 5164 5164 5166 5168 5169 5169 
5169 5171 5171 5174 5174 5177 5180 5181 5182 5184 5185 5185 5186 5187 5187 
5190 5190 5192 5193 5193 5196 5198 5199 5200 5200 5205 5205 5207 5209 5209 
5210 5212 5215 5215 5215 5218 5219 5219 5220 5221 5223 5225 5227 5228 5231 
5236 5236 5237 5238 5239 5240 5242 5243 5244 5244 5244 5245 5247 5248 5248 
5248 5249 5250 5251 5252 5253 5256 5256 5257 5258 5258 5264 5269 5271 5271 
5272 5274 5276 5276 5278 5280 5284 5285 5285 5286 5287 5287 5287 5288 5288 
5289 5292 5292 5294 5295 5296 5301 5304 5305 5308 5308 5309 5310 5310 5312 
5313 5313 5313 5314 5316 5316 5316 5319 5320 5320 5321 5322 5323 5324 5325 
5327 5327 5327 5329 5331 5335 5336 5336 5337 5338 5338 5339 5340 5341 5344 
5345 5346 5347 5348 5350 5350 5351 5353 5354 5356 5357 5359 5359 5360 5361 
5362 5364 5367 5370 5371 5372 5372 5375 5375 5376 5376 5378 5379 5381 5382 
5383 5386 5386 5387 5387 5388 5389 5391 5392 5392 5394 5395 5397 5399 5400 
5400 5404 5404 5405 5405 5405 5405 5405 5407 5407 5409 5411 5411 5411 5413 
5413 5413 5414 5416 5417 5418 5418 5421 5422 5422 5424 5424 5426 5428 5428 
5431 5432 5432 5435 5435 5435 5436 5436 5437 5437 5438 5438 5439 5441 5441 
5442 5442 5442 5443 5443 5444 5445 5445 5446 5448 5448 5451 5452 5453 5454 
5457 5461 5462 5464 5464 5464 5466 5468 5469 5471 5472 5472 5474 5476 5476 
5479 5479 5480 5480 5482 5482 5483 5485 5485 5486 5486 5487 5488 5488 5489 
5489 5490 5493 5493 5493 5496 5497 5500 5500 5500 5500 5500 5500 5501 5501 
5502 5505 5506 5506 5506 5506 5508 5510 5512 5513 5513 5514 5516 5519 5519 
5520 5521 5524 5524 5524 5525 5525 5526 5531 5531 5532 5535 5535 5536 5537 
5541 5544 5544 5545 5545 5546 5546 5547 5547 5548 5550 5550 5550 5550 5551 
5551 5552 5552 5553 5554 5555 5555 5555 5555 5556 5558 5559 5561 5563 5564 
5564 5566 5566 5566 5567 5567 5569 5569 5571 5572 5574 5576 5580 5580 5583 
5584 5585 5587 5588 5589 5590 5590 5592 5593 5593 5593 5593 5595 5595 5597 
5601 5601 5601 5601 5602 5602 5606 5608 5610 5617 5618 5618 5620 5621 5621 
5623 5624 5627 5628 5630 5630 5630 5631 5632 5632 5633 5633 5634 5637 5638 
5638 5640 5641 5642 5645 5646 5646 5649 5649 5652 5652 5654 5657 5657 5659 
5659 5659 5660 5661 5662 5662 5663 5664 5665 5665 5666 5669 5669 5671 5672 
5673 5674 5674 5675 5675 5678 5678 5680 5680 5684 5685 5687 5687 5688 5690 
5690 5691 5691 5691 5692 5693 5695 5695 5696 5696 5697 5698 5699 5700 5701 
5702 5702 5704 5705 5705 5706 5706 5706 5706 5710 5710 5712 5714 5715 5716 
5719 5719 5721 5721 5723 5724 5726 5726 5727 5728 5728 5729 5731 5732 5733 
5733 5734 5735 5735 5735 5737 5738 5738 5739 5740 5742 5743 5743 5744 5748 
5749 5749 5750 5751 5751 5751 5751 5752 5753 5753 5753 5754 5754 5754 5757 
5760 5762 5763 5764 5765 5766 5767 5768 5768 5771 5772 5773 5775 5776 5776 
5779 5780 5781 5781 5784 5785 5786 5786 5787 5789 5790 5790 5791 5796 5797 
5798 5798 5799 5800 5800 5801 5802 5802 5802 5804 5805 5807 5809 5810 5811 
5811 5811 5811 5811 5814 5815 5816 5817 5818 5819 5820 5820 5820 5820 5821 
5821 5823 5825 5825 5825 5826 5827 5828 5828 5831 5832 5832 5832 5833 5834 
5835 5837 5838 5839 5839 5839 5842 5843 5844 5845 5846 5846 5846 5846 5847 
5847 5848 5849 5849 5850 5850 5850 5851 5853 5853 5856 5857 5857 5858 5859 
5860 5860 5864 5866 5868 5869 5870 5871 5871 5872 5873 5873 5874 5875 5875 
5876 5877 5877 5877 5878 5880 5882 5882 5884 5885 5885 5885 5887 5887 5889 
5889 5890 5891 5891 5892 5892 5893 5893 5894 5895 5895 5897 5898 5900 5901 
5901 5901 5907 5908 5908 5909 5909 5912 5913 5914 5914 5915 5918 5918 5919 
5920 5920 5920 5926 5926 5928 5929 5930 5932 5933 5934 5934 5938 5939 5939 
5941 5941 5948 5949 5950 5950 5951 5953 5953 5953 5954 5956 5956 5960 5960 
5963 5963 5966 5966 5967 5969 5970 5970 5972 5973 5973 5975 5979 5983 5984 
5986 5986 5988 5988 5989 5989 5989 5990 5991 5994 5997 5998 6002 6003 6005 
6006 6006 6006 6007 6009 6010 6012 6013 6014 6019 6022 6024 6024 6024 6025 
6025 6026 6028 6033 6034 6034 6035 6036 6040 6041 6044 6046 6046 6047 6048 
6048 6048 6050 6051 6053 6055 6056 6056 6057 6058 6059 6061 6062 6065 6068 
6069 6069 6069 6070 6071 6072 6072 6073 6074 6074 6074 6074 6074 6078 6080 
6081 6083 6085 6089 6090 6090 6090 6090 6091 6091 6092 6093 6094 6095 6097 
6098 6099 6101 6101 6104 6104 6105 6105 6106 6108 6109 6111 6112 6112 6114 
6114 6114 6114 6114 6115 6115 6115 6115 6116 6116 6118 6118 6118 6119 6119 
6121 6125 6128 6129 6131 6131 6132 6134 6137 6139 6139 6139 6141 6146 6146 
6148 6148 6149 6149 6149 6149 6151 6152 6156 6159 6159 6163 6165 6166 6168 
6169 6169 6169 6170 6171 6171 6173 6174 6174 6176 6176 6178 6178 6181 6182 
6182 6187 6188 6189 6190 6190 6190 6192 6193 6193 6195 6195 6196 6196 6197 
6198 6200 6201 6202 6203 6204 6205 6206 6208 6209 6210 6210 6212 6213 6216 
6216 6217 6218 6220 6220 6221 6222 6224 6225 6230 6230 6235 6236 6239 6239 
6241 6241 6243 6244 6245 6245 6246 6248 6249 6249 6251 6251 6252 6252 6253 
6253 6255 6255 6255 6256 6259 6260 6260 6260 6261 6262 6263 6266 6269 6270 
6271 6273 6274 6274 6276 6279 6280 6281 6281 6282 6282 6286 6287 6287 6287 
6288 6288 6288 6289 6289 6293 6293 6295 6295 6297 6298 6299 6300 6302 6302 
6302 6303 6304 6304 6305 6306 6307 6307 6308 6308 6308 6309 6309 6310 6310 
6311 6313 6313 6314 6314 6315 6315 6315 6317 6318 6320 6323 6326 6331 6336 
6337 6337 6340 6341 6343 6344 6345 6348 6349 6349 6350 6352 6353 6353 6354 
6359 6359 6363 6363 6366 6367 6367 6369 6370 6371 6372 6373 6374 6374 6376 
6379 6383 6384 6384 6385 6385 6386 6387 6387 6387 6387 6389 6392 6392 6392 
6393 6393 6393 6396 6396 6396 6398 6398 6400 6400 6401 6401 6404 6404 6405 
6406 6408 6409 6410 6411 6412 6414 6419 6421 6421 6421 6421 6421 6422 6422 
6423 6427 6428 6429 6430 6431 6431 6431 6431 6432 6436 6437 6438 6446 6446 
6447 6447 6449 6450 6450 6452 6452 6452 6453 6454 6455 6456 6456 6456 6458 
6458 6458 6459 6460 6461 6461 6461 6461 6462 6462 6462 6462 6463 6463 6464 
6464 6468 6468 6468 6468 6469 6472 6473 6475 6475 6475 6476 6476 6477 6478 
6479 6479 6480 6482 6484 6487 6487 6488 6488 6490 6491 6491 6496 6497 6500 
6501 6503 6503 6504 6504 6506 6507 6508 6509 6510 6512 6514 6514 6516 6516 
6516 6516 6518 6518 6519 6520 6523 6523 6524 6524 6526 6529 6530 6531 6532 
6534 6535 6536 6536 6537 6537 6541 6542 6543 6543 6543 6543 6545 6545 6546 
6547 6549 6549 6550 6550 6551 6551 6552 6553 6554 6554 6557 6558 6561 6562 
6570 6572 6572 6574 6575 6576 6576 6578 6578 6579 6581 6581 6583 6584 6585 
6585 6586 6587 6593 6593 6593 6596 6597 6599 6602 6602 6604 6605 6606 6607 
6608 6611 6611 6611 6612 6613 6613 6615 6618 6619 6622 6623 6624 6625 6625 
6625 6627 6627 6630 6632 6633 6635 6635 6636 6636 6637 6638 6640 6641 6641 
6642 6643 6644 6644 6645 6646 6646 6649 6650 6652 6653 6654 6655 6656 6657 
6663 6664 6665 6666 6666 6666 6667 6667 6667 6668 6669 6670 6670 6671 6672 
6676 6676 6676 6677 6678 6680 6681 6682 6685 6686 6687 6689 6689 6690 6691 
6693 6694 6695 6695 6696 6696 6697 6698 6698 6699 6701 6702 6703 6703 6703 
6703 6704 6704 6704 6705 6707 6707 6708 6709 6709 6712 6715 6715 6717 6717 
6720 6721 6722 6722 6723 6725 6728 6729 6730 6732 6733 6734 6736 6737 6737 
6737 6737 6738 6739 6740 6741 6742 6742 6743 6743 6746 6748 6748 6749 6749 
6749 6751 6753 6754 6756 6757 6758 6758 6758 6759 6759 6761 6762 6763 6764 
6764 6765 6765 6766 6769 6771 6771 6772 6772 6773 6775 6775 6776 6777 6779 
6781 6782 6782 6782 6782 6783 6784 6784 6784 6786 6787 6787 6787 6787 6790 
6792 6793 6794 6794 6795 6796 6797 6798 6800 6800 6800 6803 6804 6806 6807 
6813 6813 6813 6814 6815 6816 6817 6819 6819 6822 6822 6825 6827 6827 6829 
6829 6830 6832 6833 6834 6837 6837 6838 6838 6840 6843 6846 6849 6850 6851 
6851 6852 6853 6853 6855 6858 6858 6861 6862 6862 6862 6864 6864 6865 6866 
6869 6870 6872 6873 6873 6874 6874 6875 6876 6877 6877 6877 6878 6879 6881 
6881 6882 6884 6888 6890 6890 6890 6895 6896 6901 6902 6905 6905 6905 6905 
6906 6908 6909 6909 6909 6909 6910 6911 6913 6913 6915 6915 6916 6918 6920 
6920 6920 6923 6924 6925 6926 6926 6932 6933 6933 6933 6933 6935 6935 6936 
6938 6940 6941 6941 6941 6942 6943 6944 6945 6945 6945 6946 6948 6948 6949 
6949 6950 6951 6954 6954 6956 6957 6959 6960 6962 6963 6965 6966 6966 6966 
6967 6971 6972 6976 6977 6978 6978 6980 6981 6984 6984 6986 6987 6988 6988 
6988 6991 6991 6991 6993 6994 6995 6995 6996 6997 6998 7002 7002 7003 7004 
7005 7005 7005 7006 7006 7008 7010 7010 7011 7013 7013 7014 7015 7015 7018 
7018 7018 7019 7019 7019 7020 7021 7023 7023 7024 7025 7027 7029 7029 7029 
7029 7029 7030 7032 7034 7034 7035 7035 7037 7037 7041 7041 7041 7042 7042 
7043 7044 7044 7046 7048 7049 7049 7050 7050 7053 7054 7054 7054 7055 7055 
7057 7059 7062 7062 7065 7066 7067 7067 7068 7068 7069 7069 7070 7071 7072 
7074 7075 7075 7076 7078 7079 7079 7080 7081 7084 7086 7086 7086 7087 7087 
7088 7090 7095 7096 7096 7097 7099 7099 7100 7101 7101 7102 7105 7107 7107 
7108 7108 7109 7109 7111 7112 7114 7115 7116 7118 7118 7120 7120 7121 7123 
7125 7126 7126 7128 7130 7130 7132 7133 7135 7135 7136 7137 7138 7139 7140 
7142 7142 7143 7144 7144 7144 7145 7145 7146 7146 7149 7149 7151 7152 7153 
7154 7155 7155 7155 7155 7156 7156 7157 7157 7158 7159 7162 7162 7165 7165 
7165 7167 7168 7168 7168 7170 7171 7172 7173 7174 7175 7175 7175 7176 7178 
7180 7182 7182 7184 7184 7187 7188 7188 7188 7189 7191 7192 7193 7196 7196 
7196 7196 7197 7197 7197 7197 7198 7199 7199 7199 7200 7202 7203 7204 7207 
7211 7215 7218 7222 7225 7225 7226 7226 7228 7229 7229 7230 7231 7231 7232 
7232 7235 7237 7238 7238 7240 7242 7243 7243 7245 7247 7247 7247 7248 7249 
7249 7250 7251 7252 7254 7255 7256 7257 7257 7258 7261 7263 7265 7266 7268 
7269 7269 7269 7270 7270 7271 7272 7273 7273 7274 7276 7276 7277 7277 7280 
7281 7281 7284 7286 7287 7288 7290 7295 7295 7295 7296 7296 7297 7297 7297 
7298 7299 7299 7300 7300 7301 7301 7302 7303 7305 7305 7305 7306 7306 7307 
7307 7309 7311 7315 7315 7316 7320 7320 7320 7321 7323 7324 7324 7327 7327 
7332 7333 7335 7337 7339 7340 7340 7340 7342 7342 7342 7343 7344 7345 7345 
7345 7348 7350 7351 7354 7355 7357 7359 7359 7360 7361 7363 7364 7364 7365 
7365 7365 7366 7366 7367 7367 7371 7372 7373 7375 7375 7375 7375 7376 7377 
7378 7380 7381 7384 7386 7386 7387 7388 7389 7389 7389 7391 7391 7392 7393 
7396 7397 7398 7402 7404 7406 7406 7407 7407 7411 7412 7412 7412 7412 7412 
7414 7414 7415 7417 7417 7418 7418 7419 7419 7419 7419 7419 7419 7420 7420 
7420 7421 7423 7425 7426 7427 7430 7431 7432 7432 7433 7434 7437 7441 7445 
7446 7448 7449 7449 7454 7457 7458 7459 7459 7459 7460 7460 7462 7466 7466 
7466 7466 7467 7469 7469 7470 7471 7472 7473 7474 7474 7475 7478 7479 7479 
7483 7483 7484 7484 7485 7485 7486 7487 7489 7496 7497 7498 7499 7502 7504 
7505 7507 7508 7508 7509 7509 7510 7510 7510 7511 7512 7513 7514 7515 7515 
7515 7517 7517 7518 7518 7521 7521 7523 7523 7523 7524 7526 7526 7526 7529 
7529 7530 7531 7533 7533 7537 7538 7538 7539 7545 7545 7546 7546 7547 7547 
7549 7554 7555 7556 7557 7557 7558 7560 7561 7562 7562 7566 7566 7567 7568 
7569 7570 7570 7571 7571 7571 7572 7572 7574 7576 7576 7579 7580 7581 7582 
7582 7582 7585 7587 7590 7593 7593 7593 7593 7595 7595 7596 7599 7601 7602 
7603 7604 7606 7607 7609 7610 7612 7612 7612 7618 7618 7619 7619 7619 7620 
7620 7621 7626 7629 7631 7633 7633 7634 7634 7634 7635 7635 7636 7638 7639 
7640 7641 7642 7643 7643 7645 7645 7645 7645 7645 7647 7648 7648 7648 7649 
7650 7650 7651 7653 7657 7657 7659 7660 7662 7663 7663 7663 7664 7665 7668 
7669 7670 7671 7673 7673 7674 7674 7675 7676 7678 7680 7682 7684 7686 7686 
7687 7689 7689 7690 7691 7692 7693 7693 7693 7694 7694 7695 7703 7704 7704 
7704 7706 7706 7707 7707 7707 7708 7708 7711 7713 7714 7715 7715 7715 7715 
7716 7717 7717 7717 7717 7721 7721 7722 7722 7722 7722 7724 7724 7725 7727 
7727 7728 7730 7731 7732 7736 7736 7737 7737 7738 7738 7738 7738 7739 7739 
7740 7741 7742 7744 7745 7747 7748 7751 7754 7754 7755 7757 7758 7759 7762 
7762 7762 7762 7763 7767 7768 7768 7771 7773 7774 7774 7775 7775 7778 7779 
7779 7779 7782 7783 7783 7788 7789 7789 7789 7790 7791 7792 7793 7795 7796 
7800 7801 7802 7802 7802 7803 7806 7806 7807 7809 7810 7810 7811 7813 7814 
7814 7815 7816 7816 7819 7819 7819 7821 7821 7821 7821 7823 7825 7826 7826 
7828 7829 7829 7831 7831 7831 7831 7833 7834 7835 7836 7837 7838 7840 7841 
7842 7842 7842 7844 7844 7845 7847 7847 7847 7848 7849 7849 7852 7853 7853 
7855 7857 7857 7857 7859 7860 7861 7862 7862 7864 7865 7866 7867 7867 7870 
7871 7873 7873 7874 7877 7877 7877 7877 7879 7879 7880 7881 7881 7882 7882 
7882 7883 7884 7884 7888 7892 7894 7895 7897 7897 7898 7899 7899 7902 7903 
7903 7904 7907 7907 7907 7910 7912 7915 7916 7917 7917 7918 7920 7921 7921 
7925 7926 7929 7929 7930 7933 7933 7936 7937 7939 7940 7941 7944 7944 7947 
7947 7947 7949 7949 7949 7951 7951 7952 7952 7955 7956 7956 7957 7957 7957 
7958 7959 7960 7960 7961 7961 7962 7962 7963 7964 7965 7967 7967 7968 7969 
7970 7972 7974 7975 7977 7977 7978 7978 7979 7982 7982 7983 7984 7984 7984 
7985 7988 7989 7990 7990 7991 7991 7995 7997 7997 7998 7998 7999 8000 8000 
8002 8003 8003 8003 8004 8004 8004 8006 8006 8007 8007 8008 8011 8012 8014 
8014 8015 8015 8015 8016 8016 8018 8020 8020 8021 8022 8022 8023 8023 8024 
8025 8026 8028 8030 8030 8031 8033 8036 8037 8037 8037 8037 8038 8040 8042 
8043 8043 8045 8045 8046 8046 8047 8047 8047 8050 8050 8051 8052 8053 8054 
8054 8057 8061 8064 8066 8067 8068 8069 8070 8070 8071 8073 8073 8075 8075 
8076 8076 8077 8078 8079 8081 8081 8082 8083 8084 8084 8085 8086 8086 8089 
8089 8090 8090 8092 8093 8094 8094 8095 8095 8095 8097 8098 8099 8099 8101 
8103 8103 8104 8104 8104 8114 8116 8117 8118 8123 8124 8124 8125 8125 8126 
8127 8127 8128 8132 8132 8133 8136 8136 8138 8140 8140 8144 8145 8146 8146 
8147 8147 8147 8150 8153 8155 8156 8156 8158 8161 8161 8161 8162 8162 8162 
8164 8165 8166 8171 8171 8171 8172 8173 8175 8176 8176 8177 8178 8178 8180 
8180 8181 8181 8181 8185 8185 8186 8187 8188 8188 8188 8189 8190 8190 8196 
8200 8201 8201 8202 8202 8203 8204 8205 8206 8207 8210 8212 8212 8213 8213 
8214 8215 8215 8218 8221 8222 8222 8222 8222 8223 8225 8226 8227 8229 8232 
8232 8233 8233 8234 8236 8240 8241 8243 8244 8247 8251 8251 8252 8254 8257 
8257 8258 8259 8260 8261 8261 8262 8263 8264 8264 8268 8269 8270 8270 8270 
8271 8271 8273 8274 8274 8275 8275 8276 8278 8279 8281 8282 8282 8282 8283 
8284 8284 8285 8286 8287 8289 8289 8291 8291 8292 8293 8294 8295 8295 8296 
8296 8297 8297 8299 8299 8300 8302 8302 8303 8304 8305 8305 8306 8307 8307 
8307 8309 8310 8312 8312 8315 8316 8316 8317 8318 8320 8320 8320 8323 8324 
8324 8326 8327 8328 8330 8330 8334 8339 8340 8342 8345 8345 8347 8349 8350 
8353 8354 8355 8355 8356 8356 8357 8358 8359 8360 8362 8364 8369 8369 8369 
8371 8371 8375 8376 8376 8377 8378 8378 8380 8380 8381 8384 8384 8384 8385 
8385 8386 8386 8386 8387 8387 8389 8389 8390 8390 8392 8392 8394 8394 8394 
8394 8395 8395 8396 8397 8399 8401 8401 8403 8405 8405 8405 8406 8406 8406 
8407 8409 8410 8411 8412 8413 8414 8414 8415 8416 8417 8417 8418 8418 8419 
8419 8422 8423 8423 8424 8424 8425 8426 8429 8431 8431 8431 8432 8432 8433 
8433 8435 8435 8437 8439 8440 8441 8442 8443 8443 8444 8445 8448 8448 8452 
8454 8454 8454 8454 8455 8457 8458 8459 8459 8459 8459 8459 8461 8461 8461 
8463 8464 8465 8466 8468 8468 8468 8469 8469 8470 8470 8474 8474 8476 8477 
8478 8480 8480 8481 8481 8483 8486 8486 8486 8487 8487 8489 8490 8493 8494 
8495 8496 8498 8499 8501 8501 8502 8503 8505 8511 8511 8513 8513 8513 8514 
8514 8514 8515 8516 8516 8516 8516 8517 8518 8519 8520 8520 8521 8522 8522 
8523 8523 8526 8531 8531 8532 8532 8532 8533 8534 8534 8534 8535 8537 8538 
8539 8539 8539 8540 8542 8544 8546 8546 8550 8551 8552 8552 8553 8554 8554 
8555 8555 8558 8560 8561 8561 8564 8566 8570 8570 8571 8572 8573 8574 8576 
8576 8577 8577 8577 8581 8582 8583 8584 8587 8588 8588 8589 8590 8590 8595 
8596 8598 8599 8599 8601 8602 8604 8604 8605 8605 8605 8608 8609 8610 8611 
8612 8614 8615 8615 8615 8616 8616 8616 8617 8617 8618 8619 8620 8620 8621 
8622 8624 8624 8625 8627 8628 8628 8629 8630 8631 8631 8632 8632 8633 8634 
8634 8635 8638 8640 8640 8642 8643 8643 8647 8649 8649 8650 8652 8652 8652 
8652 8653 8653 8654 8656 8657 8658 8661 8662 8666 8666 8667 8668 8668 8669 
8670 8670 8671 8672 8673 8673 8674 8674 8678 8678 8678 8678 8680 8680 8681 
8683 8684 8684 8685 8685 8686 8686 8687 8688 8689 8690 8692 8696 8696 8696 
8698 8699 8699 8700 8702 8702 8703 8703 8705 8705 8705 8705 8711 8715 8715 
8717 8717 8718 8718 8719 8719 8719 8720 8723 8723 8726 8728 8729 8731 8734 
8735 8736 8736 8738 8738 8738 8739 8739 8740 8740 8741 8743 8743 8745 8747 
8749 8749 8751 8753 8756 8759 8759 8759 8760 8761 8762 8765 8766 8767 8769 
8770 8772 8772 8772 8772 8776 8776 8779 8779 8780 8780 8781 8781 8782 8782 
8783 8784 8786 8787 8787 8788 8788 8789 8789 8790 8793 8793 8793 8796 8797 
8799 8799 8800 8801 8802 8806 8806 8807 8808 8809 8809 8809 8811 8812 8813 
8817 8817 8818 8820 8822 8823 8823 8826 8827 8828 8829 8830 8830 8832 8832 
8835 8838 8839 8841 8843 8843 8844 8847 8847 8847 8852 8852 8855 8855 8857 
8860 8861 8861 8862 8862 8862 8863 8863 8865 8866 8868 8869 8869 8869 8869 
8870 8872 8873 8873 8873 8874 8874 8876 8878 8878 8879 8880 8881 8883 8885 
8885 8885 8885 8888 8889 8892 8892 8892 8893 8893 8893 8895 8896 8897 8898 
8900 8902 8902 8903 8907 8907 8908 8910 8910 8911 8913 8913 8914 8914 8916 
8916 8918 8920 8921 8922 8922 8922 8924 8927 8928 8929 8930 8932 8933 8934 
8935 8936 8936 8940 8944 8944 8946 8949 8949 8950 8952 8954 8955 8957 8958 
8959 8959 8961 8963 8965 8965 8967 8970 8972 8972 8973 8974 8976 8977 8978 
8979 8980 8981 8983 8983 8983 8984 8984 8985 8987 8990 8990 8990 8990 8990 
8991 8991 8992 8993 8993 8993 8994 8994 8996 9000 9000 9001 9003 9006 9006 
9007 9008 9010 9011 9011 9012 9013 9015 9015 9016 9016 9016 9017 9017 9019 
9019 9020 9021 9022 9023 9024 9025 9025 9027 9027 9027 9027 9027 9029 9029 
9030 9030 9030 9031 9032 9033 9034 9034 9036 9036 9036 9037 9039 9041 9042 
9042 9044 9044 9045 9045 9046 9046 9047 9049 9050 9050 9050 9051 9053 9055 
9055 9056 9056 9057 9057 9060 9060 9061 9061 9061 9063 9063 9063 9066 9067 
9069 9070 9073 9073 9077 9079 9080 9082 9083 9083 9084 9084 9086 9092 9092 
9093 9095 9095 9096 9097 9098 9098 9100 9101 9101 9101 9103 9104 9105 9106 
9106 9108 9109 9114 9116 9117 9117 9118 9126 9130 9130 9131 9131 9132 9133 
9135 9139 9139 9141 9142 9143 9144 9144 9147 9149 9150 9152 9153 9154 9154 
9154 9155 9155 9155 9156 9156 9157 9157 9158 9162 9163 9163 9164 9165 9167 
9168 9169 9169 9170 9170 9171 9172 9173 9173 9173 9176 9178 9178 9178 9179 
9180 9181 9181 9182 9185 9188 9188 9189 9193 9193 9193 9196 9196 9197 9197 
9198 9198 9199 9201 9202 9202 9203 9203 9203 9203 9205 9206 9206 9207 9207 
9208 9211 9212 9214 9215 9217 9217 9219 9219 9219 9220 9223 9223 9224 9224 
9225 9226 9226 9228 9228 9231 9234 9238 9238 9239 9239 9240 9241 9241 9241 
9242 9243 9245 9246 9246 9247 9249 9250 9251 9251 9252 9253 9254 9254 9256 
9256 9256 9257 9257 9257 9257 9259 9259 9259 9259 9259 9260 9260 9261 9263 
9264 9264 9265 9266 9267 9268 9268 9268 9269 9272 9273 9273 9279 9279 9280 
9281 9283 9283 9284 9285 9285 9285 9287 9287 9294 9294 9294 9295 9297 9298 
9300 9302 9302 9303 9304 9305 9306 9306 9306 9309 9312 9312 9314 9315 9315 
9316 9316 9317 9317 9318 9319 9320 9321 9321 9321 9323 9324 9324 9324 9324 
9326 9327 9329 9330 9330 9333 9333 9335 9336 9338 9339 9340 9341 9343 9346 
9346 9346 9346 9346 9346 9349 9351 9351 9352 9354 9356 9356 9357 9357 9357 
9359 9361 9362 9363 9365 9367 9368 9369 9370 9371 9372 9374 9375 9376 9379 
9379 9382 9382 9384 9385 9387 9388 9389 9389 9390 9391 9391 9391 9392 9393 
9394 9398 9398 9399 9401 9402 9402 9404 9404 9405 9407 9410 9410 9412 9414 
9415 9415 9416 9417 9417 9419 9420 9421 9422 9423 9424 9426 9427 9427 9429 
9430 9432 9433 9433 9435 9436 9437 9438 9438 9440 9441 9443 9444 9444 9445 
9450 9451 9451 9453 9453 9455 9456 9456 9457 9457 9457 9458 9461 9461 9462 
9462 9462 9462 9465 9465 9469 9469 9469 9471 9472 9474 9474 9475 9475 9477 
9477 9478 9479 9480 9480 9481 9481 9481 9483 9483 9483 9484 9484 9484 9484 
9487 9488 9488 9488 9489 9491 9493 9494 9496 9498 9499 9501 9502 9502 9503 
9504 9505 9507 9508 9510 9511 9511 9512 9513 9513 9513 9515 9520 9520 9521 
9527 9528 9528 9529 9529 9530 9530 9532 9534 9534 9534 9534 9535 9535 9535 
9535 9537 9538 9539 9539 9542 9543 9544 9545 9546 9547 9547 9550 9551 9553 
9557 9557 9558 9559 9560 9562 9562 9563 9563 9563 9563 9564 9566 9567 9569 
9570 9571 9571 9573 9574 9577 9578 9578 9579 9581 9583 9583 9585 9587 9590 
9590 9592 9595 9595 9598 9600 9601 9603 9604 9605 9605 9610 9610 9613 9614 
9614 9614 9614 9617 9618 9618 9618 9620 9624 9624 9624 9625 9626 9626 9626 
9626 9627 9627 9629 9629 9629 9631 9631 9632 9636 9637 9638 9639 9639 9641 
9644 9645 9646 9648 9648 9650 9651 9651 9654 9655 9655 9656 9657 9657 9657 
9660 9662 9662 9663 9663 9664 9665 9666 9666 9667 9668 9668 9670 9670 9670 
9673 9673 9676 9679 9679 9683 9685 9688 9690 9691 9692 9694 9695 9698 9699 
9702 9703 9703 9703 9704 9704 9705 9707 9708 9709 9711 9711 9711 9714 9715 
9715 9716 9716 9720 9723 9724 9725 9726 9727 9727 9728 9729 9730 9731 9733 
9734 9736 9739 9739 9743 9744 9745 9747 9748 9748 9749 9749 9749 9753 9754 
9754 9755 9755 9757 9758 9758 9759 9759 9761 9762 9763 9764 9764 9766 9767 
9767 9768 9769 9773 9773 9773 9774 9777 9784 9785 9791 9791 9793 9795 9799 
9799 9802 9804 9806 9807 9809 9809 9810 9811 9811 9814 9814 9815 9816 9817 
9817 9818 9818 9820 9821 9821 9823 9823 9826 9826 9827 9828 9828 9830 9831 
9833 9833 9834 9835 9835 9837 9837 9839 9839 9843 9844 9844 9849 9849 9853 
9854 9854 9855 9855 9855 9858 9859 9859 9860 9861 9862 9863 9863 9863 9864 
9865 9867 9867 9867 9868 9869 9870 9871 9875 9876 9876 9876 9879 9879 9880 
9883 9886 9887 9888 9888 9891 9893 9894 9897 9898 9899 9900 9900 9902 9904 
9905 9908 9908 9909 9910 9911 9911 9912 9912 9914 9914 9915 9916 9917 9919 
9921 9923 9924 9925 9925 9926 9926 9927 9931 9932 9933 9937 9937 9938 9938 
9938 9938 9939 9939 9940 9940 9940 9943 9943 9945 9945 9945 9949 9950 9951 
9954 9954 9955 9958 9959 9961 9962 9962 9963 9963 9967 9968 9970 9972 9972 
9974 9974 9975 9978 9978 9980 9980 9980 9980 9981 9985 9987 9987 9988 9988 
9989 9990 9991 9991 9992 9992 9994 9995 9995 9999 